11316.9,5215.12
11622.4,2759.75
11700,2668.54
11767.1,2772.26
12851.8,7309.46
5447.06,4001.67
5496.51,4085.91
5527.45,9982.62
5606.5,10020.7
5664.67,10055.2
5690.49,10193.7
5712.11,10038.8
5737.23,10005.5
5741.21,10356.7
5766.25,10542.8
5770.05,11063.8
5778.12,10145.7
5944.53,10145.2
6048.43,10311.5
6454.24,12822.1
8838.9,10199.3
9313,13629.7
947.253,7742.85
11722.8,13115.7
11748.8,2983.8
2069.3,13307.9
2198.41,3470.41
11723.3,3179.64
11780.6,13052.2
11784.4,3132.74
11830.3,13038
12182.8,12944.5
6816.1,7326.85
6844.57,7261.3
11693,3025.72
2095.3,3432.85
6899.11,7423.8
6974.56,7175.46
6943.2,7174.36
11619.4,13124.2
6902.83,7397.82
6911.27,7353.63
2284.67,13178.7
2330.36,13206.9
2353.52,13173.3
2654.81,11662.6
3950.47,13854.8
3993.47,13852.8
10015.3,11793.2
10048.1,11794.4
1968.58,12907.1
2016.48,12988.3
7466,8478.43
13417.5,12438.2
13495.7,12404.8
13605.9,12357.7
13631,12347.1
13657,12336
13344.3,12305.5
13352.4,12255.7
13359.6,12205.7
13360.5,12344.2
13400.9,12234.2
13401.9,12372.3
13409,12184.7
13424.8,12223.8
13426.8,12361.3
13434.5,12312
13449.3,12213.1
13577.3,12295.9
13594.4,12259
5245.04,10071.3
5287.34,10071.4
13327.3,12266.3
13335.5,12216.3
13376.9,12382.9
13385.5,12333.1
13410.3,12322.7
13417.8,12272.9
13433.2,12174.1
13441.2,12262.4
13450.9,12350.9
13482.3,12291.1
13499.3,12330
13548.5,12308.9
13636.5,12270.8
5405.9,10071.2
5503.01,10115.2
13309.9,12226.2
13369.3,12294.6
13376.4,12245.2
13384,12194.7
13393.6,12283.8
13458.5,12302.2
13466.1,12252.1
13475.3,12340.9
13537.6,12282.8
5329.6,10071.8
5544.66,10127.8
14015.6,12032.1
13800.9,11860.8
13839,11957.2
13813.9,11893.6
13826.1,11924.4
11593.8,2641.29
11733,2640.41
13935.6,8307.53
1800.53,11932.8
5444.18,3988.66
5516.11,4103.6
5536.41,9977.4
5754.2,10245.8
5934.44,10566.8
5947.25,10613.8
6343.74,12812.2
7892.12,7724.33
8820.22,10219.2
8878.34,10218.8
9397.68,13516.7
9476.42,13512.9
9563.89,13573.4
9577.72,13588.5
9787.77,13474
11246.5,5252.78
11266.8,5241.03
11320.6,5264.4
11604.5,2659.2
11705.1,2580.32
12836.6,7320.03
12854.4,7319.35
5447.15,4039.58
5484.72,4089.29
5488.81,4024.72
5525.42,10019.6
5579.4,10035.4
5615.82,10031.5
5659.9,10115.4
5672.68,10336.6
5737.62,10149.1
5747.34,10664.1
5748.31,10406.2
5750.11,10484.5
5750.75,10631.5
5755.26,10701.6
5758.32,10548.4
5766.12,10410.8
5775.51,10317.1
5822.96,10531.1
5828.06,10474.4
5939.42,10673.2
6296.28,12808.6
7895.33,7748.94
8849.39,10205.1
9388.13,13591
9421.28,13578.2
9450.64,13515.9
9567.8,13550.7
9649.74,13562
9674.48,13481.8
9715.26,13499.3
9722.84,13557.7
9780.95,13533.4
10811.8,6481.52
11635.5,13017.4
11675.3,2258.36
12624.6,7602.91
1888.21,12126.2
2457.01,7448.69
5409.88,9927.8
5675.86,10191.3
5778.98,4207.23
5808.75,10854.3
6569.02,13094.1
7380.88,7992.92
8947.75,13663
9972.38,13452.4
11621.9,13014.9
11681.2,2247.34
12613.6,7609.5
1889.29,12139.1
5378.15,9928.27
5422.61,9927.84
5658,10157.1
5790.29,4213.7
5820.41,10859.9
6563.88,13082.2
6872.67,7493.64
7385.16,8004.54
9949.49,13452.7
10634.6,6624.83
10806.9,6492.35
10939.5,9872.5
11027,9791.65
11179.3,5151.23
11628.5,2978.06
11646.8,13013.8
12783.6,7280.88
14348.6,8742.56
1895.26,7703.94
2006.88,11795.5
2131.18,3344.83
2468.26,7445.12
3024.89,11330.8
3170.01,3360.92
4595.1,5220.71
5107.35,8740.63
5384.16,4077.86
5398.25,3897.67
5441.73,4836.97
5622.31,12524.2
6306.24,12745.2
7857.53,13509.3
7992.06,7433.01
8178.39,7631.06
8336,9704.45
8508.19,12434.9
8593.11,10005.5
8950.59,10334.7
8959.7,13662.8
9871.41,13485.4
10911.1,6232.01
10991.8,9700.87
1106.04,7643.16
11645.5,3070.27
11686.3,3197.84
11820.5,3121.25
11949.5,12737.9
12180.3,8188.66
12940.3,7427.17
14045,8372.97
1885.74,11861.2
1920.26,11988.6
2948.97,3378.05
4872.74,9795.68
5004.01,2588.87
5084.54,8560.18
5178.36,8826.06
5231.94,4026.4
5270.26,9860.99
5346.4,3905.54
5348.37,11430.2
5816.55,12678.9
6050.66,12669.7
6085.22,9596.16
6279.74,8816.14
6472.75,11231.3
6495.43,12881.1
6817.35,7238.48
6851.56,7488.83
6908.38,13337.9
6908.62,7269.85
7682.68,8534.29
7919.84,7697.17
8364.38,13684.7
8918.16,10126.4
9348.08,13132.3
9443.41,13425.7
9558.67,13108.9
9616.99,13375.4
9653.25,6505.83
9802.88,13389.7
9946.36,11788.6
10094.2,11796.1
10136.5,13502.5
10910,11464.8
11291.2,5385.8
11325.2,3283.37
11395.3,12350.7
11654.1,13106.3
11723.8,6933.62
11727.7,2363.25
11895.6,2239.61
12017.4,2921.25
12213.7,12944
12449.1,3952.13
12712.8,7504.31
13271.4,12116.7
13963.3,11864.5
14252.3,11501
14587.7,10967.7
2070.68,12015.6
2247.34,13181
2250.44,8598.86
2254.04,6318.41
5227.35,10039.1
5231,3689.71
5439.87,11890.6
5484.43,10047.5
5494.76,10079.9
5620.54,10235
5665.68,10996.8
5712.17,10542.1
5729,10655.7
6721.81,7315.48
6832.53,7224.15
7364.48,8428.26
8116.52,7724.51
8332.2,9695.55
8522.2,10176.1
8883.41,11879.1
9183.11,10127.1
9222.68,13732.2
9909.49,13546.4
2171.79,13415.9
2210.45,13444.5
11696.3,10268.6
11936.4,10290.6
11954,10229.4
11956,10354.1
11964.2,10223.5
12006.5,10601.9
12113.1,10628.6
12189.3,10377.5
12301.2,10355.3
13358.2,11647.1
13390.8,11656.8
13432.7,11665.2
10335.9,13277.1
10372.9,13408
10373.4,13332.3
10814.5,2128.79
10885.6,6221.81
10946.3,6326.49
11015.8,9765.48
11027.6,13250.3
11031.3,5149.69
11072.6,5068.54
11109.8,5225.11
11133.7,9834.44
11134.5,5056.02
11192,5212.57
11305.2,2869.36
11389.9,2277.44
11403.6,2332.02
11432.2,2655.57
11475.4,2438.56
11481.3,5178.7
11507.7,2813.12
11594.7,2871.46
11608,2789.82
11739,2912.85
12086.9,2884.94
1209.94,2988.8
12358.8,12766.2
12489.7,12734.6
12532,2570.15
12660.8,6629.66
12683.7,7316.17
12762.7,4823.62
12815.4,7512.46
12830.1,4740.74
12937.7,7403.06
13030.9,2172.56
13126.9,13818
13150,13802.9
13800.9,8502.2
13880.3,8339.52
13967.1,8234.63
14312.7,11624.5
14333.2,8942.71
14407,8880.51
1673.91,12255.5
1689.53,12080.9
1814.77,12116.3
2167.22,4509.21
2264.58,11255.7
2801.06,7270.53
2868.9,3444.55
2955.3,3494.14
2966.17,3377.97
3033.9,11225.8
3034.62,11075.7
3111.02,11101.1
3253.22,5909.46
3257.42,3309.96
3355.59,6574.87
3559.72,6326.77
3622.93,2163.13
4595.08,8690.92
4626.16,5270.92
4794.03,8656.03
4885.16,9816.42
5019.7,2588.5
5051.86,8686.5
5073.64,9756.75
5081.1,8576.29
5092.22,4446.52
5167.84,9940.48
5189.4,8677.57
5232.39,9967.02
5349.88,8731.04
5363.62,3911.05
5397.44,11380.3
5417.39,4040.16
5479.22,3787.3
5515.04,9257.21
5653.22,4091.18
5692.41,12610.4
5696.26,9800.29
5729.01,12313.2
5731.05,11140.6
5811.4,11211.5
6025.55,10423.4
6091.81,9960.86
6096.59,12758
6102.47,7332.7
6117.25,8604.96
6119.89,12241.9
6189.49,4329.96
6239.94,9915.16
6287.52,8799.55
6497.97,11030
6507.22,12891.5
6685.98,12345.3
6908.56,13355.6
6982.24,8341.98
7536.13,8425.61
7882.59,10429.7
7926.76,7585.28
7932.4,13527.9
7950.97,7819.91
8074.02,10403.4
8087.62,7989.17
8160.19,9105.63
8161.16,9813.31
8365.33,11943.1
8406.53,7329.55
8432.15,10839.5
8453.19,13713.8
8467.93,13616.9
8581.23,7718.52
8676.6,10118.5
8718.68,10239.4
8794.56,10268.9
8814.17,13691.1
8824.97,3717.25
8840.61,13721
8889.28,10142
8903.64,10245.5
9007.31,10600.9
9320.29,3972
9337.87,3893.94
9346.81,13149.6
9349.97,11108.4
9435.58,13469.7
9444.71,13218.9
9489.29,13100.8
9499.72,13411.8
9502.87,9831.71
9579.77,13363.7
9784.92,13360.1
9869.93,13361.3
991.355,7705.63
10756.5,6343.07
11658.6,2448.75
11751.7,2438.55
12522.6,14235.7
2537.48,7413.56
2856.24,3376.29
3135.99,11231.8
5255.05,9947.71
5420.94,4125.82
5549.98,11275.4
5594.45,4107.33
5621.74,9866.09
5668,10002.4
5712.06,11213.1
5910.35,10831.1
6038.82,12687.6
6111.78,10169.5
6158.49,10384.3
6513.22,11115.2
6877.85,13349.9
8283.7,11940.9
8555.06,7655.89
8989.88,10235.5
9781.03,13308.4
10915.4,6271.69
11071.3,9863.43
11160.9,5247.89
11519.3,2457.3
11757.8,2879.05
11761.4,2492.78
12751.1,7280.91
12843,7408.6
13984.3,8336.6
1757.35,12118.9
3064.69,11075.9
3362.61,3314.89
3379.89,6723.58
5074.35,8614.42
5406.73,4016.58
5509.54,3914.63
5530.08,11293.9
5604.78,9985.51
5648.09,9848.75
5732.43,10948.1
5742.37,12542.2
5746.83,11175.9
5781.92,9907.84
5906.06,10046
5985.37,10337.1
6003.02,10037.8
6034.69,10331.5
6085.36,10929.4
6086.87,10359.9
6164.57,10482.1
6296.99,8856.91
6395.23,12855.5
6449.75,11224.9
7848.56,7798.02
8398.66,13612.4
8800.34,10211.4
9393.4,3942.68
9728.22,13459
974.602,7748.39
9837.77,13400.6
10953.5,6298.7
11167.2,5109.35
11519,2556.02
11539.4,2438.57
11761.4,2523.93
11771.3,2832.01
12433.2,12742.2
12818.4,7466.44
13974,8314.04
1792.12,12061.2
2732.68,7318.8
3085.14,11101.2
5038.76,8604.57
5294.52,9857.55
5321.5,4059.26
5447.09,3936.07
5550.57,4151.89
5570.48,11253
5592.82,9958.19
5769.86,12611.5
5786.72,11172.9
5795.2,10065.6
5802.81,10965.9
5904.38,9988.75
5913.79,10884.1
5996.81,10083.7
6107.55,10544
6141.06,12750.4
6174.68,7263.94
6419.1,12860.8
7927.08,13482.4
7944.67,7776.39
8433.94,13701.5
8456.56,12430.8
8727.08,10089.2
8834.58,10253.9
9440.22,13443.4
9500.19,13074.7
9564.79,13397.5
9872.33,13398.6
10277.3,10324
10818.9,6344.51
10949.4,4765.89
11177.4,14402.4
11185.4,14373.1
11218.9,8686.89
11270.8,12331.9
11313.4,12311.2
11315.1,12337.3
11323.1,12349.8
11329.5,4930.55
11367.8,12362.3
11391.7,12330.9
11392.6,12281.5
11403.9,12267
11408.3,12314.7
11669.8,3687.37
12255.2,1838.91
12286.9,1855.67
12298.8,1836.11
12337,1856.98
12342.3,4513.23
12348.6,1840.53
12354.7,4531.85
12364.9,4487.57
12369,4561.9
12372.5,4521.55
12401.4,4516.74
12404.2,4492.47
12837.1,2543.03
13127.8,8600.42
13162.3,8588.57
13251.6,2903.6
13260.9,7516.48
13261.9,2971.24
13271,2954.76
13302.1,2927.12
13303.7,2968.27
13307.3,2996.54
13345,7483.87
13345.6,2959.31
13382,2951.87
13425.5,2959.62
13969.7,8268.58
14068.3,10686.2
14125.3,8574.77
14127.4,10704.6
14143.6,8579.53
14161,8577.69
1700.76,6090.15
1720.13,6111.72
1733.31,6060.78
1806.46,1029.73
1839.25,1046.2
2632.88,9307.69
2636.93,9351.76
2641.15,9282.29
2651.55,9219.71
2652.09,9340.11
2670.48,9280.83
2670.61,9325.86
3715.91,2950.37
4538.57,2156.38
4545.02,2200.41
5000.26,8662.65
5349.08,8829.69
5370.44,8684.7
5407.48,8801.48
5691.44,12306.8
6005.23,8502.15
6062.09,8532.78
6523.35,6181.1
6570.54,6177.17
6851.6,8645.41
6852.42,8689.14
712.716,11285.2
7568.71,8790.44
7642.77,11419.2
7965.93,12403
8004.06,12431
8237.47,11127.2
8248.08,11087.8
8274.02,11111.5
8285.34,11087.3
8295.45,11106.2
8301.25,11156
8501.1,7238.26
8730.04,1278.1
8740.87,1252.65
9169.74,8743.6
9201.36,8708.62
9237.98,5954
9267.53,5975.73
992.885,11181.9
10267.2,10334.5
10367.4,2670.88
11148.3,14380.9
11154.4,14363.3
11162.8,14378.9
11163.5,14413.8
11180.5,14360.5
11233.2,8682.17
11268.2,12318.2
11311,4955.74
11328.6,12314.7
11344.2,4933.05
11350.4,12321.8
11354.6,12355.8
11380.8,12309.4
11387,12302.7
11411.7,12294.9
11691.8,3672.94
12246.1,1856.35
12280.8,1710.23
12285.4,6642.92
12297.2,1817.68
12331.8,1824.4
12344.9,4491.47
12363,4508.79
12363.3,4467.38
12364.3,1872.3
12373.6,4544.01
12373.6,4602.85
12386.7,4556.42
12388.4,4579.98
12404.2,14194.7
12404.6,4469.73
12404.6,4549.04
12415.9,14174.1
12428.8,14174.1
12453.6,14175.2
12472,14194.3
12497.1,14210.8
12499,14190.9
12821.5,2509.21
13136.9,8587.67
13165.8,8613.75
13250.7,7504.42
13285.1,2985.65
13287.7,2952.41
13311,2954.05
13358.9,2974.32
13359.8,2945.3
13413.4,2944.09
1386.12,768.209
14084.1,10678.3
14098.5,10707.4
14121.8,8551.62
14230.6,11602.5
1709.64,6102.85
1713.51,6066.64
1741.97,6069.46
1797.17,1034.77
1797.68,1058.89
1829.62,1032.96
2446.94,4078.88
2629.34,9292.41
2634.73,9326.95
2637.27,9266.81
2662.1,9307.16
2671.6,9229.34
2673.98,9247.85
3676.66,2930.96
3682.97,2947.62
3700.68,2960.4
4559.9,2187.44
4573.14,2178.01
4574.06,2142.08
4640.51,8580.36
4986.18,8669
5325.85,8805.39
5381.18,8819.16
5717.33,12323.3
5763.16,12279.2
6023.44,8510.64
6493.03,6168.48
6535.68,6180.27
6576.45,6160.82
669.096,11258.4
671.057,11279
6860.24,8673.34
6874.52,8684.2
697.796,11275.2
711.538,11252.2
720.19,11274.4
7786.73,11327.7
7977.54,12487.9
7978.57,12421.1
8015.08,12414
8241.39,11136.8
8244.5,11103.7
8255.39,11047
8275.59,11075.8
8275.81,11172.1
8283.15,11108.5
8285.62,11141.7
8297.96,11176.5
8305.17,11089.9
8480.55,7249.99
8488.26,7221.86
8511.16,7232.03
8718.81,1267.81
9156.55,8707.19
9161.17,8733.14
9182.65,8734.77
9193.18,8698.48
9240.5,5966.35
9244.82,5980.71
9270,5950.81
9325.7,6029.83
9360.64,8630.86
9846.12,2653.08
10143.6,9205.1
1015.86,7523.82
10154.8,4978.97
10189.2,5034.21
10245.7,13404.8
10247.8,5069.78
10315.7,10547.1
10345.8,13326.8
10359.6,2682.88
10362.9,2637.46
10391.4,13418.8
1040.28,7821.34
1059.11,7747.37
10640,13406.7
10796.2,6261.79
10844.5,6322.7
10855.7,6375.79
10859.4,13388.5
10873.7,2015.82
10906.4,6431.98
10909.2,13226.9
10941,6158.03
10944.1,6203.5
10954.8,9649.21
1098.01,7789.75
10982.3,13125.7
10997.6,9720.61
11003.4,13245.8
11079,5129.2
11126.2,9798.99
11163.6,5045.33
11273.2,7874.73
11366.3,2341.53
11411.9,2674.5
11425.7,2308.56
11514.1,2867.18
11526.2,8057.97
11536.1,2677.57
11545.6,2772.72
11584.1,2801.98
11590.9,2847.35
11604,2935.58
11606.3,4313.45
11667.8,4091.38
11750.4,1919.34
11876.1,2154.28
12144.2,2222.72
12211.6,8186.03
12250.4,14001.8
12294.9,2994.41
12359.5,12724.9
12418.3,8338.72
12420.8,7760.07
1247.74,2973.43
12472.1,12736.9
12516.9,2248.48
12669.2,4775.37
12671.9,3302.78
12695.1,7622.6
12708.3,4786.81
12728.3,4801.07
12773.4,7507.45
12777.4,4802.96
12817.9,7153.97
12847.4,4719.46
12871.3,7509.19
12975.4,2085.36
13184.2,14030.1
13563.8,8375.25
13801.6,8436.59
13946.4,8341.21
13991.3,8214.65
13997.2,8440.9
14036.5,8360.36
14049.3,9218.4
14185.7,10202.1
14247.5,11628
14415,8851.63
14458.7,8876.15
14666.8,9712.63
1597.22,8469.92
1651.26,4262.07
1698.89,6171.25
1862.52,7751.47
1879.29,11995.3
1885.83,11900
1987.52,8013.12
2177.57,4548.81
2238.58,11318.9
2356.98,8137.19
2434,5779.03
2554.35,7364.35
2585.94,11536.4
2591.57,7350.83
2761.77,5694.37
2781.3,7300.95
2881.4,7282.3
2913.49,3398.06
2964.21,3465.71
2989.8,11081.8
2994,11147.9
3001.9,3679.2
3011.84,3342
3013.57,11269
3016.82,3366.99
3025,3458.74
3030.42,11101.9
3126.7,11082.8
3126.7,2837.1
3154.76,11423.2
3201.82,11051.7
3232.68,3414.75
3278.39,3386.05
3354.68,6808.5
3453.98,6656.69
3461.52,6741.56
3473.66,6102.01
4025.79,2598.28
4550.17,8474.41
4635.91,8680.21
4680.87,3563.92
4861.45,3461.44
4974.63,8689.9
5027.77,9767.61
5052.44,8553.52
5105.97,11558.2
5115.84,4102.36
5200.22,8334.89
5210.83,9960.34
5246.04,4030.44
5296.17,4103.34
5329.06,3947.87
5369.05,8778.81
5374.82,8701.35
5421.17,4236.19
5459.3,4133.72
5462.76,3819.22
5508.44,9829.28
5632.81,11320.4
5644.9,3266.75
5660.51,4174.28
5669.64,4902.93
5688.57,12574
5696.56,4196.98
5729.96,4104.57
5733.91,9864.88
5736.76,9905.98
5753.25,10925.9
5842.42,12710.2
5911.21,11207
5923.51,7753.67
5974.72,8455.75
6007.18,9628.23
6014.81,10634.6
6046.98,11102.9
6052.21,8667.35
6074.1,12768.3
6103.44,10579.8
6115.82,10301.1
6138.92,10464.5
6146.59,11124.6
6151.96,10939.5
6159.74,9940.18
6183.82,7317.59
6184.11,10312.8
6203.47,9909.57
6206.78,10279
6212.89,12390.6
6232.75,12638.2
6244.15,10237.1
6264.63,9913.42
6268.49,12750
6319.9,8872.23
6370.17,9969.63
6418.5,12741.8
6510.53,4274.7
6544.53,12878.2
6679.18,7010.74
6785.86,8272.2
6838.93,13326.7
6922.52,7078.08
6933.78,10743.7
6940.48,13392.7
7040.44,4234.45
7059.05,7941
7194.75,7952.91
7251.79,8037.11
7254.26,7922.26
7330.3,8032.37
7499.11,7327.69
7523.08,7068.27
7524.07,8480.31
7544.08,7184.45
7636.3,8824.42
7670.02,8493.42
7723,11340.5
7838.76,7419.91
7867.79,7665.76
7883.25,13555.9
7885.74,7836.14
7900.52,10754.5
7914.13,13531.1
7932.86,10473.6
7935.64,7502.16
7944.67,7859.58
7958.74,10007
8009.68,7729.53
8046.16,11891.6
8086.63,8832.34
8115.85,9053.68
8140.44,9751.89
8152.04,8041.79
8290.57,7627.41
8312.2,9624.02
8314.68,13692.5
8386.18,13699.2
8420.02,10612.5
8436.89,10123.1
8480.79,13739.4
8501.73,13651.9
8573.61,6645.97
8578.03,9005.04
8618.62,7661.44
8704.83,10071.8
8848.59,10087
8860.17,13714.1
8866.71,10284.3
889.342,7628.4
9007.22,10452.4
9014.36,10880.3
9243.43,7546.48
9279.88,5968.65
9319.48,11098.5
9320.14,3940.52
9322.69,13042.3
9323.82,8580.55
9329.6,13453.6
9366.81,11230.2
9402.05,13463.5
9405.44,13106.3
9440.78,13236.5
9496.53,9805.12
9496.56,13393.4
9514.87,13089.2
9516.36,4085.43
9602.07,13285.4
9722.53,13340.9
9796.91,6942.29
9802.46,13376.2
9912.56,6542.8
10013.6,4219.95
10031.7,9342.45
10120.3,5011.32
10229.2,5040.31
10301.1,4837.86
10309.3,13271.4
10333.3,13362.9
10337.9,2646.95
10340.1,2713.15
10380.2,2637.26
10386.5,13257.8
10405.6,2726.44
10518,10586.5
10593.7,13389.3
10657.1,6611.66
1076.66,7742.06
10767,5226.05
10828.8,13406
10833.2,6352.63
10837.4,6255.93
10853.9,6435.92
10875.7,2068.09
10881.7,6190.95
10889.6,6239.94
10896.4,9710.07
10912.2,13156.2
10913.1,2096.85
10934.5,13232.2
10943.3,9808.15
10963.5,13287.7
11063.3,5174.15
11191.4,13087.9
11213.5,9788.08
11294.4,3862.81
11339.7,2839.54
11360.5,2319.58
11406.7,12340.5
11413.1,2287.71
11449.5,2687.74
11452.2,5215.61
11487.2,2869.81
11523.3,2653.21
11551.5,7996.37
11587.8,2922.75
11596.3,2769.98
11614.4,2836.59
11628.9,2903.36
11685.8,2429.68
11717.1,2819.83
11762,1939.86
11788.5,2148.31
11795.6,10137.8
11809.3,1944.7
11866.2,6562.79
11961.3,12721
11972.8,2160.59
11980.6,7462
12147.9,2300.12
12162.1,9417.76
12223.4,2840.95
12287.3,13996.4
12373.3,2935.06
12376,12751.7
12381.4,7794.97
1239.76,3005.22
12441.8,12707.7
12458,12760.3
12489.5,2338.94
12614.6,4788.6
12665.5,3249.88
12694.2,4816.72
12710.5,7318.76
12713.3,3292.96
12722.4,7578.71
12751.4,7091.24
12815.3,7137.04
12825.8,7570.64
12826.7,4711.61
12828.3,4842.81
12847.9,4855.69
12896.9,7517.99
13016.2,2129.29
13130.9,11872.2
13133.3,11901.5
13149.7,12007.8
13212.1,7500.13
13387.6,11384.1
13796.2,8483.65
13917.1,9246.59
13953.3,8361.99
13964.4,8145.54
13993.7,8285.65
14171.8,11666.9
14244.8,11655.8
14363.5,8795.31
14389.5,9585.37
14460,8844.81
14560,9847.04
1513.4,3040.34
1581.9,8483.76
1620.32,12459.6
1661.59,4231.48
1710.11,12230
1741.31,3214.87
1747.55,6158.3
1756.71,12831.3
1773.92,13242.5
1789.24,13281.5
1844.92,13291.1
1882.94,12040.1
1901.62,11910.8
1929.04,10640
1932.79,8042.65
1932.99,10689.5
2307.2,8188.17
2311.1,8207.89
2343.05,8172.66
2387.93,11366.7
2516.76,12914.8
2517.02,11066.8
2552.85,7395.19
2572.08,7246.55
2579.88,7375.48
2707.46,12321.8
2799.96,3428.76
2860.11,7306.48
2863.18,3345.79
2906.44,3464.12
2925.29,13085.9
2978.59,3561.32
3014.65,11105.5
3143.56,11132.2
3160.55,11065
3195.31,11133.2
3335.92,3332.52
3356.52,6824.76
3454.71,6039.78
3469.96,6645.31
3589.22,2919.42
3645.91,2134.01
4120.44,8448.1
4292.71,8374.4
4311.71,3651.02
4621.56,8700.73
4659.35,8593.02
4708.28,3604.61
4780.74,8703.09
4834.12,4511.1
5021.85,3017.02
5084.25,9775.74
5108.87,8641.28
5143.34,9978.75
5163.6,4079.34
5228.84,9909.58
5249.63,4855.08
5289.25,3968.43
5293.92,4085.06
5307.32,4018.48
5355.81,11418.2
5364.11,8802.87
5380.64,8766
5385.65,4049.18
5391.29,4154.89
5429.98,7873.28
5447.42,3889.18
5452.04,4153.85
5458.61,8762.15
5460.22,11278.6
5505.14,4172.01
5527.33,4239.42
5530.51,3998.34
5621.83,12566.8
5694.44,12531.2
5712.56,10921.6
5728.24,4218.6
5731.77,11043.7
5768.48,10915.9
5773.82,12550.1
5777.99,12259.2
5778.54,11085.6
5778.77,10987.4
5797.94,9863.3
5812.99,11155.6
5830.11,12734.7
5866.39,11164.9
5881.63,10136.3
5893.38,11231.3
5914.37,12412.4
5931.17,10981.4
5940.71,12791.6
5950.18,10742.5
5951.45,7844.59
5997.99,11054.2
6019.17,10530.4
6019.73,10614
6030.47,9595.49
6034.81,8715.35
6069.36,11084.8
6071.04,10491.6
6073.13,11153.9
6080.92,10579.1
6085.38,10650.3
6087.39,11117.8
6139.56,11178.9
6147.17,10329.3
6148.24,8539.46
6154.17,11144.2
6161.46,9900.15
6171.38,10024.7
6185.66,11139.7
6230.67,9935.48
6270.1,7287.32
6282.76,8616.88
6294.04,9954.45
6310.99,4156.29
6346.36,8780.38
6375.92,12743.7
6822.35,8323.4
6848.65,13312.4
6919.72,13388.2
7141.71,10832.2
7142.26,4257.92
7176.11,7928.75
7193.51,8456.23
7201.76,7893.02
7212.51,8002.21
7255.49,7939.85
7265.78,8045.81
7311.13,8037.87
7409.59,7724.68
7440.12,7593.92
7442.55,8021
7458.82,7348.76
7466.08,7102.4
7482.43,7122.45
7489.14,8425.55
7607.22,8822.12
7645.88,7733.51
7797.94,13521.4
7801.16,11306
7856.84,10497.3
7887.94,10593.8
7913.39,13566.3
7918.72,7787.68
7937.44,12422.9
7940.15,13511
7945.91,7480.4
8034.59,9098.43
8052.25,7483.32
8062.7,10673
8085.65,11963.8
8101.52,7945.63
8139.75,9768.94
8264.64,7256.97
8298.69,13687.8
8394.84,10136.1
8463.44,7496.29
8463.74,13684.4
8466.16,7264.39
8491.71,7716.2
8524.2,13748.1
8607.32,8909.36
8686.75,10065.2
8688.21,10654.2
8718.57,10140.3
8747.24,10230.5
8802.01,13723.2
8832.69,10342.3
8856.06,3706.13
8897.75,13707.5
8904.96,11196.9
8912.75,6754.17
8951.26,4686.45
8954.32,4747.43
8981.29,10194
9015.85,3542.71
9035.8,10495.9
9067.91,4786.31
916.79,7664.28
9171.19,8704.9
9266.4,11086.9
931.278,7560.02
9317.41,8606.21
9326.48,4256.97
9334.71,13067.8
9367.03,13290.1
9367.09,3852.21
9374.87,13209.4
9387.75,13481.5
9392.77,4192.44
941.896,7648.65
9435.31,13170
9479.43,10556.2
9506.32,13115.3
9595.54,4081.15
9611.05,13309.7
9646.95,6614.12
9677.51,4102.16
9733.95,13330.1
986.777,7795.87
9897.9,13389.2
9914.51,9773.88
10054.7,9340.86
10168.4,4952.52
10184,4988.74
10260.7,13398.2
10319.6,13316
10349.1,2666.19
10368.9,13300.7
10400.8,13392.8
10541.5,13430.4
10552.4,10494.8
10625.7,13408
10782.8,6534.86
10847.8,6242.35
10858.6,6411.52
10865.2,6355.46
10910,13172.2
10915.1,2075.37
10925.1,13242.7
1093.56,7762.59
10952.2,6259.73
10986.7,9685.86
1099.02,7651.51
10997.7,9325.12
11012.6,9818.49
11059.3,9775.37
11111.7,5185.67
11324.5,2844.51
11398.4,2310.32
11438.7,5174.12
11468.8,2681.57
11544.3,8055.19
11563.3,2786.54
11612.3,2890.19
11706.5,2925.5
11745.3,2413.66
11801.3,1922.48
11883.1,12677
11912.6,2156.63
12149.1,2936.51
12265.8,13866.3
12381.3,8279.96
12392.1,7760.13
12431.6,12669.9
12473.3,12763
1253.75,3015.79
12705.6,3271.67
12723.2,4776.91
12740,4777.8
12745.6,7590.36
12779.3,7105.9
12790.6,4733.29
12795.8,7533.24
13005.9,2171.67
13517.5,8397.18
13889.2,8413.99
13948.3,8191.55
13954.7,8274.56
13962.4,8401.44
13994.6,8253.4
14162.2,9105.54
14256.9,11665.9
14279.3,11549.2
14388,8904.22
14460,8861.26
14554.3,9827.71
1515.67,3068.02
1585.56,12291.6
1613.03,8487.84
1708.11,6136.79
1832.7,12062
1871.39,11950.5
1896.67,12026.2
1914.39,11872.5
1934.81,10672.2
2220.48,7546.5
2284.24,8211.48
2349.15,11391.3
2374.96,8187.84
2380.22,8127.5
2479.4,4066.97
2503.81,11464.5
2504.54,7411.99
2574.47,3269.76
2593.39,7318.42
2625.8,2402.64
2650.74,7398.87
2780.7,5731.53
2826.62,3401.88
2848.16,3453.27
2896.71,7276.54
2975.28,3481.69
2976.68,3328.49
2978.19,3687.16
2993.8,11130.8
2994.17,2782.08
2999.01,3409.07
3014.39,11077.5
3016.96,11163.2
3026.18,11243.3
3072.14,11038.1
3158.1,11082.8
3199.76,11457
3217.14,11111.5
3233.95,3341.39
3269.38,6404.41
3375.8,5963.95
3379.38,6776.75
3424.45,6562.97
3466.73,6690.01
3654.25,6230.14
3972.95,2567.16
4204.82,3996.85
4429.65,8408.73
4647.16,3520.98
4667.93,2941.12
4742.27,8714.69
4881.97,9865.32
4905.16,9639.73
4990.96,8688.62
5093.4,5155.53
5099.6,9845.79
5099.8,3965.81
5108.76,4071.16
5135.04,4091.95
5142.35,3906.11
5159.57,8620.23
5169.02,8546.14
5170.23,9991.72
5211.2,9927.27
5264.93,4068.56
5275.42,4838.36
5287.34,9905.55
5310.87,4110.11
5311.58,11458.4
5349.14,8763.41
5352.91,4080.87
5368,8825.75
5394.08,4060.3
5397.64,8780.59
5405.63,4178.08
5422.3,3694.36
5443.41,8737.69
5483.83,4157.74
5501.59,3822.67
5523.11,4216.48
5550.64,9845.1
5575.15,11340.3
5638.57,11980.9
5659.94,12615.1
5662.08,12576.6
5664.14,11244.2
5684.74,4185.58
5689.69,4911.57
5721.87,4254.17
5728.11,9828.4
5745.33,9531.9
5748.9,4114.66
5773.99,10946.1
5803.19,7824.84
5804.85,12582.2
5838.81,11180.4
5888.93,12734.9
5906.42,12475.4
5955.68,12795.9
5976.01,11158.4
6015.77,10653.5
6016.94,10916.4
6018.54,8446.09
6076.78,10561.7
6119.9,9895.1
6120.42,11104.6
6212.05,7228.11
6233.78,10302.5
6236.34,10030
6322.8,9953.81
6407.33,12731.8
6551.61,12894.8
6802.29,7198.85
695.261,11249.9
6955.15,13396.4
7025.58,8711.01
7044.6,7918.36
7053.18,4141.91
7123.34,7919.16
7180.86,8025.41
7188.64,4284.67
7193.39,10844.9
7203.37,7940.48
7207.28,8450.74
7269.53,8029.1
7303.7,7974.4
7307.83,8093.91
7502.73,7147.39
7516.17,13481.4
7573.98,11431.1
7588.56,8460.89
7601.75,8789.58
7679.81,7734.91
7873.14,7648.85
7889.62,13524
7916.32,7807.28
7951.68,13480.9
7979.01,7369.2
8003.18,7509.6
8030.46,10449.3
8048.59,10648
8068.6,8849.34
8072.82,11906.7
8075.97,9826.24
8098.05,7970.78
8151.95,9778.76
8273.77,7634.81
8321.38,9154.37
8329.81,10135.1
8393.49,13720.7
8400.63,7271.05
8428.17,7992.95
8445.98,7647.97
8468.11,10895
8487.75,13675
8658.94,10108.3
8759.12,10198.9
8771.75,10377.7
8775.45,6685.19
8795.59,10107.6
8867.82,3621.91
8875.48,13710.9
8887.9,10286
8927.98,4672.62
8938.8,11247
8992.92,10370.9
9007.89,4698
9017.84,3494.89
9043.39,10591.5
9227.91,9849.83
9294.22,11184.6
933.455,7628.45
9331.72,8617.41
9337.93,13402
9342.41,13117
9367.83,13313.5
9409.69,13119.8
9476.02,4087.34
9574.38,13117.2
9596.8,7066.89
9652.38,4098.49
9714.24,13353.3
9771.17,13346.6
9776.48,6413.51
1004.24,7719.92
10247.2,5005.25
10369.5,13372.4
10438.2,2654.93
1056.13,7570.4
10705.3,13404.7
10796.3,6338.4
1089.77,7725.17
10916.2,6209.5
10958,6381.68
11019.3,4938.13
11026.4,13279.9
11039.8,9863.42
11043.2,5128.19
11096.8,5077.58
11109.4,5250.34
11169.7,5200.53
11561.2,2825.8
11717.7,1899.19
11766.9,12951.1
12003.1,2193.63
12292.7,13949.3
12406.7,7846.52
12444.7,13971.8
12453.9,12677.7
1249.77,2916.05
12683.8,4764.38
12767.5,7370.35
12925.4,7469.81
13412.6,8562.08
13964.7,8170.69
13989.8,8402.66
13995.7,8267.64
14064.9,9210.25
14244.9,11603
14362,8819.9
14406.6,8904.47
14431.9,8800.12
1459.47,3020.62
14673,9683.24
1699.04,12251.2
1733.69,6133.17
1914.95,12007.6
1970.05,8086.24
2141.18,4527.38
2331.18,1877.29
2344.57,11347.1
2493.35,6525.86
2507.61,3270.4
2525.57,7341.32
2561.21,5720.75
2614.21,7348.59
2856.43,3408.59
2950.89,11658
3028.45,3397.8
3123.25,11129.8
3131.44,11057.2
3196.95,6423.71
3219.34,3431.39
3269.98,3338.11
3399.4,6691.88
3487.04,6720.65
3679.16,2169.56
3763.26,6085.61
4022.61,2802.37
4387.81,4032.91
4444.51,3706.14
4465.44,8910.21
4467.66,8476.37
4855.85,9776.99
4872.28,4303.46
4955.36,8656.11
5063.54,3854.27
5077.33,8636.92
5087.88,9809.41
5154.69,9991.11
5219.64,8795.95
5244,3940.69
5253.17,9926.22
5322.25,3873.66
5372.83,11417
5373.21,4039.55
5383.95,4131.11
5423.95,8750.42
5442.44,4201.79
5459.42,3795.09
5486.2,3886.04
5523.22,4176.74
5534.11,4810.88
5593.26,11242.5
5614.39,4079.01
5642.82,12551.2
5655.06,9821.7
5664.68,4219.35
5679.9,11120.2
5742.87,11208.5
5794.32,7856.2
5859.39,11237.6
5877.51,12723.9
5989.37,10636.9
6030.76,11114.6
6058.31,9965.3
6081.11,10127.8
6103.2,9472.67
6127.98,7308.21
6172.02,8669.77
6185.87,12749.6
6197.1,4356.07
6322.88,8851.97
6420.56,11034.9
6498.08,6153.22
6530.23,10466.7
6572.79,12929.3
6833.66,13388.1
6904.88,11323.5
6983.37,8731.99
7101.18,4231.31
7234.85,7943.04
7445,7568.4
7565.78,7090.8
7679.86,8552.88
7789.4,10573
7799.7,8070.34
7897.47,7853.02
7941.29,7521.63
7958.95,13540.1
7998.2,7762.64
8085.69,7384.4
8144.34,9701.03
8195.75,10062.7
8249.38,7470.22
8278.16,9234.6
8304.25,10111.2
8435.13,13667.1
8531.22,10829.8
8533.23,7713.22
8551.54,9981.15
8559.19,13727.7
8639.7,9019.19
8717.9,10188.1
8809.45,10290
8828.78,7943.75
8833.55,13679.4
886.133,7604.31
8941.44,10283.6
9042.64,10564.3
9175.35,10859.2
9297.82,7334.01
9301.09,3916.71
9312.38,4191.33
9316.14,11066.8
9322.91,4162.82
9343.28,11223.5
9345.21,4209.94
9359.11,8592
9370.8,3906.08
9445.26,13277.7
9446.01,13367.9
9453.02,13148.4
9625.04,9968.32
9687.36,13424.7
9824.41,13354.4
9920.55,6497.24
10173,4975.01
10210,5046.14
10296.3,13293.5
10352.9,13403.5
10354.6,2622.02
10411.1,13199.3
10413.2,10613.2
10557.3,13424
10670.2,13404.9
1070.89,7785.52
10793.7,5229.08
10809.8,13413.3
10834.9,6297.76
10862.4,2150.09
10864.3,6235.8
10916.7,6413.96
10962.3,13263
10994.7,9742.03
11000.9,13116.6
11065.6,13203.4
11088.9,5181.08
11091.8,9812.55
11168.7,9278.01
11185.8,10694.7
11201.7,13095.2
11214.1,5197.04
1123.67,7768.78
11529.8,9131.1
11532.9,5192
11722.9,4319.82
11771.4,1962.32
11892.8,12659.4
12067.3,9649.45
12179.7,8199.34
12368.7,12739.9
1241.6,2945.26
12428.2,12652.7
12450.5,8045.63
12473.5,12703.1
12681.8,7296.38
12686.7,3272.26
12699,4755.07
12748.2,7070.7
12762.6,4803.95
12778.1,7123.79
12808.2,7567.57
12828.8,4687.26
12877.1,11618.1
12900.3,11714.3
12916.5,7483.1
13063,11881
13163.5,11893.4
13170.4,13803.1
13556.7,8387.95
13902.3,8428.13
13967.8,8251.19
14012,8383.9
14014.1,9245.73
14240.5,8961.09
14320.3,11586.1
14432,8863.94
14456.5,8892.2
14551.4,9859.35
1598.66,8505.58
1632.46,4258.84
1673.26,6118.66
1743.1,6171.75
1769.98,13263.6
1779.92,7942.57
1812.72,12075.1
1863.74,11966.6
1907.97,10688.8
1927.25,11887.6
1929.86,11977.3
2204.8,4627.96
2213.92,7872.68
2313.35,1949.83
2341.46,8196.32
2377.89,8155.87
2389.19,11323.4
2476.71,11451.4
2486.49,12910.2
2488.7,11063.7
2500.63,7385.83
2562.68,7413.57
2614.78,7236.56
2649.04,6579.79
2656.61,7378.51
2773.61,5679.77
2825.74,7299.65
2882.56,3349.29
2924.92,3492.84
2958.4,3710.82
3001.49,3437.11
3042.55,11288.7
3119.66,2889.92
3162.12,11138.5
3171.04,11433.6
3205.46,11081.7
3231.69,3312.01
3381.01,6669.83
3417.42,6722.12
3479.06,6673.44
3830.18,5956.93
4191.4,3325.93
4269.75,8375.83
4490.72,8935.46
4800.26,8687.4
4873.9,9851.9
4892.02,4296.32
4969.65,9650.54
4994.75,11426
5008.79,8690.6
5109.56,9907.87
5126.67,2923.27
5145.24,9963.53
5147.97,4055.89
5164.45,8587.25
5227.63,9925.55
5306.46,9905.85
5323.11,8689.46
5328.5,4106.89
5345.13,3952.13
5352.46,8791.2
5406.82,4202.55
5420.94,8794.33
5461.44,3877.31
5477.54,4124.49
5516.34,8006.47
5576.69,9434.99
5614.12,11967.7
5641.33,11377.5
5654.79,11191.1
5678.13,12532.9
5693.84,4386.79
5705.06,4246.69
5714.87,4095.1
5727.06,12272.3
5747.19,9831.85
5786.15,10932.9
5798.04,12596.3
5800.72,12648.7
5841.09,11214.1
5883.05,4484.17
5973.52,12798.2
5982.33,10555
6007.24,11109.1
6054.16,12805.5
6096.43,11149.4
6101.8,4236.04
6113.98,7379.99
6125.23,9922.03
6127.16,12225.8
6154.47,10435.9
6158.77,8603.23
6208.98,10306.4
6242.49,8716.65
6256.43,10221
6348.55,8797.53
6409.21,12711.2
6555.04,6178.18
6594.84,4535.52
6739.75,7136.29
6744.76,12728.2
6772.42,8250.88
6774.69,13355.8
6855.14,13391.2
6858.33,13323.3
6954.05,10737.8
7063.42,4218.17
7183.65,8109.49
7308.89,7999.94
7339.31,8090.67
7463.04,8084.48
7485.33,7457.82
7494.89,7351.36
7499.26,7116.28
7567.43,8436.49
7578.96,8835.07
7657.1,11426.8
7754.49,10613.4
7916.7,7821.93
7924.64,7971.53
7927.96,13544.8
7942.93,7453.24
7987.5,7339.66
7989.67,10399.1
7999.59,7556.56
8055.25,11945
8062.19,7728.11
8145.71,9796.36
8149.27,9084.37
8168.94,10577.1
8219.16,10096.8
8295.79,7206.52
8326.23,7328.5
8345,8126.48
8455.8,7657.71
8471.87,13725.1
8490.95,8949.02
8611.9,7878.43
8695.05,10127.1
8769.62,3645.89
8775.87,13576.9
8840.94,6601.71
8882.8,3669.09
8891.49,10257.7
8918.76,13679.3
8932.85,11223.8
8941.07,4696.66
8945.28,3595.51
8977.75,10275.4
8992.79,4713.75
9019.88,10766.2
903.457,7648.71
9039.58,10424.3
9041.16,10525.6
910.818,7569.76
9272.18,11048.8
9337.84,13083
9353.31,13187.1
9353.34,13307.5
9353.76,13428.5
9432.67,11235.6
9443.32,13125.2
9545.03,13141.3
9562.37,4082.63
9616.29,4103.14
9631.38,13286.9
9652.66,10002.7
9664.86,13397.5
9667.96,6509.97
9746.79,13323.2
9897.08,13365.4
10121.6,13469.8
10213.1,5026.77
10317.7,13369.7
10400.2,13350.8
10401.7,13241
10402.8,2588.45
10580.7,13420.4
10817.1,6284.76
10859.1,6290.04
10884.5,2088.85
10890.6,13358
10918.9,6246.51
10928.5,6400.54
10978.9,13150.5
11070.1,9815.32
11129,5090.84
11152,5198.78
11209.8,13110.1
11306.6,2846.55
1136.11,7732.21
11360.7,2292.32
11410.5,5160.03
11434.9,2701.87
11458.5,5314.78
11521,2843.16
1154.2,3028.76
11556.4,9143.91
11571.9,2762.78
11953.5,12693.6
12179.9,2270.28
12259.6,13960
12334.7,12709.2
12387.9,7961.95
12442.8,8442.76
12464.1,12719
12487.8,12088.2
12659.5,3281.69
12698.2,7338.14
12714.2,4749.29
12771.2,4855.29
12788.1,4751.08
12802,7123.81
12881.3,7550.6
13169.7,13776.5
13944.3,8251.03
13948.2,9309.03
14009.3,8406.51
14016,8324.29
14122,9201.81
14226.8,11623.6
14330.8,11603.3
14394.1,8821.33
14417,8919.38
14648.8,9717.82
1489.66,3051.67
1684.2,6149.51
1728.57,12384.2
1736.05,12168.3
1832.54,12081
1871.87,12008.1
1892.87,11847.7
1922.64,11927.8
2203.77,11184.5
2282.39,6585.5
2324.99,4142.93
2545.9,6444.54
2564.01,7336.89
2603.24,7418.33
2641.63,2428.11
2756.18,11428
2793.77,5692.87
2845.23,3017.11
2847.13,7272.14
2879,3409.42
2953.96,3356.38
3012.85,3514.18
3015.77,11197.6
3086.21,11042.5
3153.45,11104.5
3202.83,3348.02
3437.93,6670.42
3509.5,6718.58
3526.08,6274.14
3793.7,5940.16
4136.73,3324.18
4398.97,8401.75
4505.47,8945.13
4827.73,9734.86
4991.78,8617.81
5023.63,8689.95
5074.58,11507.8
5151.24,9945.99
5160.28,9915.78
5201.07,8734.88
5254.21,9909.29
5268.02,4040.87
5321.61,8789.14
5365.26,8748.97
5420.54,9234.13
5434.13,4309.84
5549.33,11240.2
5566.35,4452.19
5574.5,9859.02
5592.44,4207.21
5601.8,11369.4
5627.37,12535.3
5645,4923.95
5673.82,4088.88
5692.66,11159.3
5707.6,12572.6
5755.81,9870.83
5762.22,10973
5772.7,11192.3
5805.43,12670
5824.13,11235.2
5861.28,11183.5
5888.88,7709.84
5969.16,10897.4
5983.02,11114.6
5993.68,8481.43
6014.07,11019
6040.64,7357.69
6050.79,12775.8
6058.53,10564.9
6091.75,8675.67
6114.01,10279.7
6123.78,11152
6135.56,9957.32
6136.8,4188.31
6154.08,10412
6164.99,12415.9
6223.52,10264.8
6263.82,9929.75
6288.25,10001.9
6294.35,8830.41
6352.62,12725.2
6489.02,10478.5
6622.73,12764.2
6678.63,7263.78
6816.23,13389.7
7076.77,4257.96
7186.56,7971.5
7222.53,8509.65
7224.57,11161
7227.56,8048.01
7229.75,7902.93
7471.96,7129.77
7477.32,7438.11
7486.35,13458.1
7555.76,8482.32
7609.7,8002.26
7808.61,10635.8
7894.42,13509.1
7935.57,7412.88
7941.75,7842.32
7942.95,7541.56
7958.7,9636.11
8007.54,8906.13
8019.14,7714.51
8046.8,13574.8
8086.07,10387.1
8090.14,11938.6
8096.47,9808.55
8121.76,7918.6
8242.12,10089.4
8273.16,7650.99
8294.59,7424.04
8332.04,13695.1
8352.28,10132.9
8418.67,13724.9
8435.67,9248.94
8463.22,10784.7
8480.02,13687
8546.21,8987.79
8572.2,13744.9
8607.69,7712.12
8648.96,10066.1
8765.53,10411
8818.86,13720.5
8874.43,13672.9
8913.81,10108.5
8923.49,10252.4
8955.85,11181.8
8998.81,10575.4
9009.66,10285.3
915.668,7614.38
9271.37,7441.56
9272.48,11111.9
9289.38,13519.1
9301.02,4086.76
9321.1,13190.4
9400.36,3910.94
9418.93,13141.1
9453.57,13414.8
9472.58,13089.6
9477.66,13282.2
9644.58,13289.8
965.783,7792.96
9685.88,4022.98
9697.35,13437.3
9786.52,6394.85
9806.38,9807.42
9851.64,13364.9
10192.5,13398.8
12707,7136.53
1931.43,12379.3
3097.61,3424.49
5255.67,8587.95
5851.06,9807.64
5868.35,9871.5
5928.96,9890.71
7220.82,8128.34
8752.45,9975.04
9619.53,3975.7
2274.56,13231.6
5665.7,11074.3
5700.6,11035.2
11659.4,10188.7
12059.3,10630.4
12285.7,10309.8
10032.8,13593
11849.7,2291.27
5359.89,10196
5432.23,10137.1
5575.43,10166.1
9130.15,13808.4
10140.7,13587.4
5485.19,10255.2
5595.56,10230.5
9248.19,13774.7
9822.21,13635.4
13248.3,12017.2
5618.72,10122.2
5680.68,10623.7
5814.5,10740.4
5846.47,10673.6
5687.78,10573.1
5789.33,10386.9
5850.84,10640.8
5861.91,10602
5757.73,10444.8
5248.93,10027.9
5632.09,11051.5
5687.44,10406
5793.04,10332.5
5793.43,10419.9
5817.02,10588.1
5881.84,10305.4
5893.41,10253.1
5950.91,10525.3
6009.24,10172.7
9265.67,13721.8
9507.5,13572.9
11042.5,13335.1
11791.1,2523.21
11802.1,2481.47
12064.8,2389.19
12097.9,2330.03
13121,13734.5
13142.7,13699.7
3382.36,3382.74
6788.72,13413.4
9457.02,4214.44
11048.1,13344.7
11056.6,13358.2
11073.8,13385.2
11804,2522.82
11815,2481.07
12070.2,2380.28
12077.8,2366.18
12085.4,2352.05
12093,2337.91
13125.8,13719.9
3394.18,3390.83
6789.21,13424.3
6789.92,13440.3
9464.01,4223.69
9472.32,4237.42
9488.9,4264.81
11061.2,13374.3
11820.2,2527.1
13134.7,13708.5
3403.99,3402.16
6785.89,13456.5
9476.58,4253.57
11060.2,13383.5
11829.5,2521.09
13145,13692.4
3403.11,3410.45
6776.91,13450.8
11079.2,13393.8
11825.3,2480.75
13133.5,13697.2
6790.96,13466.5
9494.17,4273.51
11600.6,2509.82
11775.8,2629.77
11776,2645.69
11776.1,2661.58
11776.2,2677.37
11794,2441.49
11804.5,2723.58
11806.4,2733.1
11822.3,2734.62
11838.1,2736.1
11853.9,2737.55
11866.5,2733.18
12467.7,2594.56
12481.2,2586.14
1298.77,3053.32
13023.1,2110.43
13034.9,2099.15
13046.5,2088.17
13058.2,2077.27
1315.44,3056.07
1440.77,3097.43
1450.88,3077.45
1457.62,3063.21
14698.5,9671.78
14712.5,9663.1
2155.19,4654.16
2155.27,4668.66
2900.09,7321.55
2909.36,7332.65
2916.53,7349.36
3249.37,11045.1
3254.07,11030.9
3259.67,11016
3975.57,13984.8
3982.6,13997.5
3990.42,14011.2
5592.65,12630.2
5594.67,12611.3
5606.96,12601.1
5617.35,12592.8
5628.87,4994.57
5634.71,5010.31
5768.44,4088.7
5772.95,4073.34
5779.17,4051.86
6525.16,6116.07
6530.47,6101.01
9402.08,6194.34
9412.78,6174.57
1307.83,3057.76
2914.96,7339.79
5586.45,12620.3
5587.07,12623.1
5587.31,12617.6
5629.85,5002.7
2915,7368.38
3996.46,14021.8
5782.49,4040.2
6536.63,6083.38
9418.48,6163.86
13064.9,2068.07
1447.55,3088.32
2157.34,4679.86
2916.07,7360.77
3261.57,11004.8
5601.22,12637.6
5777.98,4063.18
6536.1,6091.09
9409.2,6185.41
11594.1,2516.68
11775.7,2620.28
11776.4,2684.47
11778.7,2648.26
11805.3,2714.16
11838.8,2733.13
11873.5,2726.82
13069.6,2070.56
1451.43,3084.93
14719.8,9659.23
2155.36,4684.65
2913.45,7356.31
3265.01,11001
5602.69,12642.5
5639.83,5018.29
9091.48,8082.93
11333.3,6585.53
13684,11197.9
2218.18,11636
2547.86,9051.8
2917.65,7168.18
3127.21,9208.68
4004.69,6180.68
4099.5,12554.8
5726.83,10747.6
6386.13,8441.01
6729.41,9549.95
7293.71,12835.5
7646.11,6810.5
11336.2,6628.74
11341.4,6606.32
11351.7,6638.82
11361,6589.37
1224.5,7886.06
1273.42,7904.04
1284.2,7877.3
13675.7,11274
13689.5,11272.8
13999.2,11013.2
14486.1,11230.2
14509.6,11274.7
2003.59,11117.7
2042.72,11117.7
2515.27,9277.14
2575.33,9302.94
2589.22,8905.3
2828.4,9024.51
2839.86,9016.51
2861.27,9031.34
2879.83,7179.37
2882.52,9254.68
2888.61,9231.58
2897.65,9426
2903.34,7184.22
2908.83,7163.01
2960.13,9042.86
3025.67,9401.27
3614.03,6609.55
3640,9544.08
3642.22,13930.5
3654.84,9532.82
3673.28,9573.63
3705.11,14049
3765.46,14441
3951.56,6181.88
3994.88,6127.05
4003.27,6197.27
4063.25,11735.1
4077.06,11744.3
5932.34,11643.2
6004.94,11618.7
6654.06,9609.11
6668.03,9617.93
6697.11,10151.3
6712.76,10139.7
6723.59,9528.43
6741.42,9568.8
6743.5,9538.09
6778.72,9423.95
6783.67,9453.95
7321,12825.3
7328.06,12838.2
7333.91,12848.9
7568.29,6888.27
7608.77,6885.21
9012.75,13276.9
9034.46,13268.5
945.725,7925.26
1109.97,7900.14
11342.9,6620.08
11343.4,6617.17
11343.9,6614.16
11344.1,6608.35
11344.1,6611.58
1235.07,7857.04
1249.79,7908.91
13705,11337.1
14037.8,11518.2
14057.9,11515.4
14484.7,11282.3
2253.59,11614.8
2539.59,8940.35
2543.44,9333.8
2546.99,8927.02
2551.91,9338.05
2615.86,8928.17
2920.2,7162.17
3100.93,9192.45
3603.41,6617.42
3629.08,6607.22
3643.18,9244.24
3762.91,12363.7
3775.87,12355.2
4051.9,12570.3
4082.05,12542.9
4093.8,12578.7
5462.86,9656.04
5966.99,12070.3
6368.07,8438.91
6488.76,9421.81
6709.08,10158
6736.2,10155.2
6849.42,10153.8
7284.05,12821.2
7311.56,12777.4
7322.71,12777.6
7594.31,6851.53
7667.29,6805.49
9042.43,13320.5
9045.1,13350.1
8378.68,10306.8
8365.68,10357.8
8310.13,10308.2
8318.52,10321.6
8455.47,10260.5
8465.36,10274.1
8256.39,10351.5
8371.65,10275.2
8463.75,10317.6
8380.27,10350.3
8455.4,10335.4
8393.56,10335.8
8273.16,10297
8353.32,10245.5
8272.95,10350.4
8354.72,10351.8
8201.59,10401.9
8212.76,10415.9
8213.8,10378.5
8222.98,10388.9
8227.95,10434.9
8228.9,10361.6
8243.97,10379.9
8246.12,10413.1
8255.23,10422.8
8266.83,10405.7
8495.13,10146.1
8510.19,10154.1
8513.46,10272
8527.13,10293.3
8538.58,10313.9
8539.53,10247.4
8540.41,10270.9
8541.68,10222
5226.26,3627.9
8308.67,10383.3
8459.1,10368
8487.6,10347.3
5246.23,3656.46
5253.34,3606.59
5300,11156.4
5321.07,11171.6
8488.44,10300.1
8502.41,10317.4
9081.92,13773.8
9107.85,13774.8
9832.82,13591
9861.16,13591.2
9887.71,13591.2
10002.9,13519.6
10015,13531
10025,13518.1
5315.01,10034.1
5315.26,10020.2
5433.37,11153.5
5446.45,11161.9
8248.81,10315.9
8313.04,10292
8448.75,10281.2
8465.15,10287.2
8671.04,13822.4
8684.95,13815
9182.36,13790.2
9183.82,13806.5
9195.99,13776
9197.77,13790.4
9212.26,13773.9
9971.39,13534.7
9980.67,13521.8
9992.77,13533.2
8330.56,10259.7
13909.7,12122.7
13956,12449
13998,12376.5
14035.8,12311.3
14161,12091.9
11912,10324.6
12255.8,10264.9
13109.3,12455.1
13327.7,11780.7
13346.2,12599.5
13362.7,12033.5
13392.2,12095.9
13401.4,11700.4
13441.6,11687.1
13469.8,11733.2
13516.7,11765.2
13647.8,12097
13401.8,11701.2
13442.4,11689.2
13365.2,11802.7
13414,11935.3
13442.9,11882.1
13467.4,11801.5
13469.2,11957.7
13518.2,11952.1
13199.2,12471.4
13335,12554.9
13611.9,11917.2
13660,12039.4
13201.9,12467.2
13342.6,12542.6
13622,11913
13662.5,12038.5
10112.3,5051.56
10422.4,2708.73
10949.4,9524.75
12398.3,12644.1
12820.8,7190.83
12826.5,7225.39
12831.8,4902.53
12861.2,4887.29
14092.8,8402.77
14283.9,11601.1
1689.54,12208.3
1705.6,12169.9
1932.96,6451.69
2039.92,13023.8
2070.41,13047
2725.23,7351.39
2918.74,3431.39
3799.71,13958.4
3821.54,13976.5
3825.15,13928.5
3846.66,13947.3
3888.46,13885.1
4093.14,11691.3
5298.05,8757.3
5678.68,12331.6
5911.78,11173.3
5939.43,11152.8
6023.8,8477.99
6538.84,12930.1
6953.61,13353.7
7096.16,7960.08
7132.69,7968.74
8146.52,9527.86
8335.46,13655.9
8351.67,13621.9
9473.24,13228.1
10118.2,4980.79
10132.3,5005.75
10136.3,5044.83
10202.1,5013.35
10240.7,5055.24
10261.1,5024.5
10276.3,4812.09
10279.3,10342.8
10306.4,13372.7
10337.4,2696.08
10376.9,13295.7
10382.5,8520.33
10405.6,2616.11
10420.5,2609.72
10534.8,13429
10565.7,10491.1
10575.6,3637.31
10592,13149.1
10669.4,6613.02
10741.3,6322.59
10754.7,5225.85
10868,6269.3
10882.9,9768.96
10896.6,13346.2
10908.2,2062.53
10958.1,4731.04
1098.96,7774.49
10996.2,13127
11090,5272.93
11096,9863.23
11126.2,9623.74
11141.2,5240.6
11157.6,5183.05
11166.8,10689.7
11189.9,5231.04
11197.8,5184.29
11209.5,13094.5
11244.2,5316.53
11262.9,5168.27
11311.6,2832.18
11326.5,2935.38
11330.2,5207.4
11338.8,7629.96
11342.3,5271.06
11355.4,1635.18
11366.6,2308.67
11368,5367.65
11383.2,2255.97
11401.8,6225.03
11430.1,2537.03
11472.8,2624.04
11477.8,5213.65
11482.1,5192.31
11494.1,2821.89
11530.5,2890.42
11533.5,2661.54
11537.5,8000.89
11545.9,2828.32
11587.7,2909.72
11605.9,2861.13
11614.3,2946.25
11652,2796.71
11664.7,2413.52
11685.8,2877.04
11697.7,2841.89
11714.5,12810.3
11728.3,2534.57
11771.1,2872.36
11788.8,2831.25
11792.6,1907.09
11839.2,2802.56
11960.9,6536.3
11977.6,2192.4
11983.1,10600.7
12054.4,2413.88
12073.3,2246.25
12075.8,2521.11
12110.3,2320.34
12147.2,2485.29
12190.9,10483.5
12254.7,2295.32
12261.3,10251.9
12279.8,4021.4
12286.5,2980.15
12341,4482.3
12359.5,2918.98
12368.4,12776.4
12378.3,7806.33
12392.6,4455.92
12408.9,4481.45
12416,2536.46
12432.2,10217.1
12435.9,2471.46
12445.3,2504.23
12446.7,2546.94
12456.1,8448.87
1247.8,2936.7
12517.4,2549.52
12535.8,14226.7
12616.7,7929.17
12659.9,3301.92
12682.6,3303.82
12686.5,7592.45
12709.1,7309.39
12715.6,3265.49
12725.1,7155.72
12771.8,13989.7
12816.5,7523.51
12820,7124.42
12853.5,7340.12
12854.4,4791.72
12863.5,4756.39
12900,7461.67
12926.2,12017
12978,2096.8
12996.2,2144.43
13012.5,2184.58
13045.5,11852
13114.9,12488.7
13125.4,11892.5
13131.7,8590.4
13136.4,11960.5
13138.8,12014.7
13181.6,13780.1
13221.4,12353.2
13265.5,12568.9
13285.1,2508.46
13287,12121.4
13312.8,12337.6
13321.7,7494.42
13322.8,11467.7
13387.3,11716.7
13396.5,12013.8
13476.7,11202.4
13552.4,8369.32
13594,11996.2
13653.7,12220.3
13714,9363.55
13904.9,8417.1
13944.1,8284.08
14002.3,8137.87
14009.8,8441.83
14019.7,9245.83
14192.3,10212.6
14211.8,9108.32
14265.1,11676.2
14334,11577.2
14432,8835.19
14435.1,11229.9
14652.3,9687.66
1512.45,2953.87
1620.3,8477.89
1690.24,12422.6
1723.03,12129.4
1737.83,6184.05
1749.05,6906.86
1818.92,13241.1
1823.07,1016.98
1828.73,13269.2
1835.98,11989.7
1892.65,12160.6
1941.66,3912.75
2002.05,11778.3
2063.39,10808
2204.3,7883.13
2302.97,6589.22
2339.67,4144.29
2370.17,11356.5
2373.07,8202.64
2470.51,6568.79
2513.24,12906.9
2513.92,3284.26
2524.14,11056.8
2572.31,7419.44
2575.32,5716.38
2585.2,11680.9
2614.87,7322.82
2641.51,9225.44
2810.52,5729.89
2836.89,7269.55
2848.1,3366.81
2857.5,3443.84
2909.02,6948.38
3001.02,3516.75
3014.9,3377.55
3016.56,11210.4
3044.67,11098.8
3120.45,11427.2
3143.03,11260.8
3222.87,11053.9
3277.38,3307
3317.2,6612
3379.31,6750.38
3438.06,6657.25
3438.58,12911.6
3612.21,2164.87
3631.84,6280.91
3710.15,2049.45
3710.38,2937.95
3984.7,5840.15
3986.94,13769.9
4018.38,13578.4
4139.87,12409.8
4303.4,8378.3
4417.86,3175.08
4461.15,8897.58
4519.86,2184.45
4635.77,3528.25
4791.55,8700.64
4837.78,9737.11
4874.28,4294.89
4883.94,9022.19
4954.12,8692.63
5022.77,8555.81
5036.31,8737.35
5038.34,3053.17
5058.72,11503.9
5068.33,8738.42
5070.48,9855.45
5093.88,8588.56
5109.41,9920.94
5116.11,4025.86
5130.19,2930.79
5162.26,8533.24
5206.46,8327.63
5226.77,8802.49
5283.77,11290
5288.27,4099.11
5291.33,4384.81
5333.22,8650.69
5419.62,4286.62
5421.56,4867.44
5431.58,8793.82
5432.78,4790.44
5432.94,4146.54
5459.86,8953.45
5464.31,3828.13
5470.1,4005.61
5475.47,11279
5524.36,4009.04
5587.23,4089.83
5622.73,12050
5635.17,3237.78
5636.66,4902.73
5639.22,12544.7
5679.66,12300.6
5713.04,11054.1
5726.6,11158.4
5738.64,12575.5
5745.29,10974.1
5746.26,11187.3
5753.31,12520.4
5770.41,9443.39
5770.5,10022.4
5802.04,7812.48
5810.05,11249.9
5836.65,11112.3
5859.38,11218.4
5916.35,10808.5
5925.14,11201.7
5938.6,10751.4
5962.27,11133.3
6046.92,8444.94
6049.69,8716.95
6054.58,10546.7
6060.79,11140.7
6063.98,7367.8
6078.17,10543.6
6086.36,4224.5
6116.38,10412.2
6132.4,11099.4
6168.07,10366.1
6174.59,10419.7
6197.06,8554.08
6199.89,12759
6372.19,8820.38
6443.41,12905.1
6445.33,11856.1
6476.96,8634.48
6491.85,6139.88
6528.15,11105.8
6595.11,4548.49
6782.31,8243.41
6787.8,7206.04
6870.44,13326.4
6870.74,8655.66
6922.69,10753.3
7040.91,7933.06
7048.89,10824.2
7130.03,4259.73
7173.65,13274.7
7178.3,8010.21
7189.88,7921.01
7190.01,7897.06
7204.25,7917.28
7239.04,11159.7
7240.59,8006.45
7265.81,7920.6
7307.35,7874.03
7485.98,7201.24
7524.8,8419.05
7672.87,8510.65
7803.19,9155.81
7822.33,8888.38
7838.91,7766.46
7866.13,13549.5
7892,10438
7906.51,10748.1
7935.27,7490.72
8012.1,12407.9
8018.43,8936.16
8036.58,7755.13
8071.86,9282.03
8084.93,9810.28
8087.93,7400.32
8105.41,10599.2
8139.1,8030.62
8202.46,7791.38
8202.68,10078.1
8264.73,11940.1
8293.48,7634.8
8302.71,11131.3
8316.74,7339.39
8324.4,10243.5
8325.89,9161.4
8379.22,10265.2
8393.03,10283.5
8396.46,13683.2
8446.83,10201.4
8487.15,10263.8
8487.97,13745.8
8505.35,10290.3
8519.56,12423.1
8526.79,10321.5
8533.88,7663.42
8646.02,10043
8664.61,10738.2
8730.57,10192.1
8738.33,6543.07
8758.39,3743.96
8782.38,10403.1
8797.22,3720.4
8823.29,10189.3
8825.24,13690.6
8838.62,10629.8
8840.21,3691.67
8843.55,10166.9
8940.4,11190.7
8993.25,3584.27
900.695,7583.25
9009.63,4718.6
9011.75,6460.37
9024.26,3480
9031.06,10795.4
9042.45,10410.4
9052.4,4794.71
9077.35,10128.2
9180.37,8705.74
9234.03,9845.45
9263.49,5950.24
9273.45,11185.6
9279.08,13709.7
9282.25,7336.16
9333.74,13054.1
9334.28,13551.8
9348.84,6341.58
9362.09,8640.67
9365.85,3926.64
9370.23,4074.93
9375.13,3985.09
9385.21,3914.31
9404.97,3940.25
9417.36,10420
9433.72,13368
9542.81,4026.05
9628,13314.5
9632.58,9987.98
9646.27,13417.8
9765.3,13302.9
981.552,7788.22
9823.37,6629.3
9827.56,13392.2
983.885,11172.5
9843.8,13551.1
986.508,7696.33
9870.21,13469.2
9871.75,7983.14
9934.72,13444.3
10116.1,9337.66
10154.8,4960.91
10315.5,6819.52
10323.4,13323.8
10329.9,2718.21
10421.8,13199.6
10552.4,10587.5
10691.3,13405.8
1070.78,7735.61
10820.5,2104.21
10897.6,6441.07
10938.7,6141.53
10938.7,9797.61
11027.2,13232.5
11144.2,9831.12
11178.9,14353.8
11183.7,5229.84
11316.5,2826.44
11316.6,4956.78
11347.7,2309.88
1138.13,7719.9
11492.4,2830.19
1154.52,3015.68
11540.9,8064.66
11756,1967.4
11793.5,2132.12
11913.1,12663.8
11982.6,9717.24
11991,7457.19
12152.4,9420.49
12247.7,6632
12382.5,7773.4
12391.1,7975.41
12427.2,1928.99
12434.4,12705
12645.3,6611.42
12645.7,7591.69
12789.2,7102.78
12836.5,7566.72
12859.7,11825.2
12897.5,7465.99
12937.7,2092.71
12975.3,2147.65
12975.6,2131.36
13130.3,11832.2
13241.9,7504.32
13373.4,11384.1
1387.61,8084.23
13871.1,8350.84
13958.9,9751.35
14026.5,8386.03
14195.7,9140.53
14246.5,8949.76
14284.2,11647.2
14352.1,8751.02
14362.8,9594.87
14398.2,8808.99
14632.8,9718.25
1471.64,3016.28
1612.81,12455.2
1653.5,4225.38
1719.02,12067.3
1729.98,12178.9
1766.54,13240.5
1792.03,13234.6
1800.15,11902.5
1857.03,11979
1876.05,12046.4
1978.79,8079.98
2030.65,11795.9
2060.05,7446.24
2206.1,4617.99
2218.24,11181.6
2391.88,8121.69
2402.95,13129
2496.19,11457.5
2511.46,6515.27
2588.39,12836.1
2590.21,7359.81
2615.28,7318.49
2650.61,9332.77
2669.27,9222.64
2780.71,5675.64
2903.28,7273.32
2942.24,11664.8
2973.37,3466.5
2985.86,3685.77
3016.05,11237.7
3031.75,3363.86
3049.07,11137.1
3064.4,11037.3
3098,2981.56
3221.63,11058.8
3241.81,5921.19
3288.65,6372.23
3374.6,6782.66
3512.04,6279.18
3597.4,2922.95
3690.42,2169.26
3692.6,6144.86
4152.44,3328.16
4307.1,8380.79
4488.1,8926.07
4682.97,3555.85
4743.26,8675.41
4865.12,9773.84
5015.24,8650.79
5016.32,9791.06
5057.47,8698.14
5083.82,8624.55
5096.74,11570.1
5107.07,4104.89
5144.65,9993.24
5187.48,8662.38
5222.63,9921.34
5280.32,9848.08
5383.2,8712.42
5384.72,4170.76
5408.9,11386.5
5492.79,3961.06
5499.02,4139.83
5501.8,4136.78
5547.48,2143.4
5583.85,4218.72
5588.71,9418.25
5603.93,4055.1
5657.47,12534.3
5711.99,10942.9
5717.55,12274.3
5826.7,12666.6
5877.25,4494.65
5900.58,7713.76
5922.17,12420.6
5948.53,11180.4
6019.94,12695.1
6034.91,9586.65
6050.8,11090.4
6097.81,8612.08
6170.47,10936.6
6192,7306.4
6307.49,8791.51
6377.85,12764.3
6478.44,12623.6
6479.19,10466.7
6571.29,12912.4
6579.03,6333.74
671.8,11245.5
6713.05,7243.24
6805.7,13395.2
6826.21,8684.27
6830.56,10866.8
7012.32,8715.83
7125.22,4219.42
7191.85,8053.9
7204.26,8266.87
7215.45,7905.06
7451.07,7583.89
7456.16,8020.63
7476.51,13448.2
7517.29,7135.86
7531.78,8495.83
7557.18,7818.18
7600.37,8813.54
7635.87,11414.7
7790.77,10588.7
7849.06,7425.06
7874.77,10585.6
7927.41,7516.55
7932.77,13511.9
7953.4,7899.68
7971.24,12396.9
7990.95,7473.71
8009.19,10465.3
8162.3,9748.45
8175.1,8778.43
8243.65,11143.3
8321.4,9617.55
8378.59,13602.8
8390.59,7274.51
8403.45,10128.3
8473.36,10904.2
8585.99,9000.01
8586.25,6645.16
8753.27,10240.7
8777.68,9987.86
880.253,7637.18
8823.26,10169.9
8868.8,10169.6
8882.62,10223.2
8917.7,11242.7
8956.19,4674.54
8992.41,10425
9044.29,10552.4
9076.3,4802.27
9176.82,8747.04
9250.95,7558.49
9274.41,11091.3
9288,11188.5
9328.7,13463.9
9362.71,8604.47
9375.07,10490.3
9452.65,13138
9535.87,13140.1
9547.15,13268.3
9634.17,13437.1
9734.45,13548.8
9787.22,6440.55
9827.09,13472.9
9958.87,9760.8
10009,4233.88
10075.8,9393.21
10108.1,9316.01
10125.2,4966.36
10194.4,5008.02
10307.9,10562
1033.77,7772.52
10343.4,6758.62
10373.5,13204.8
10411.4,13294.2
10422.9,2735.23
10497.2,10597
10613.2,10454.2
10634.2,13394.5
1066.65,7675.47
10789.2,6494.81
10802.3,5240.74
10860,2171.4
10883.3,6665.02
10887.1,6334.87
10898.1,6208.89
10952.5,13266.8
10997.8,9624.37
11016.7,5154.39
11084.6,5192.37
11100.4,5099.54
11115.5,5198.43
11131.4,9759.01
11143,14385.7
11163.2,13087.6
11164.8,9391.22
11192.8,5155.02
11244.2,8678.2
11254.8,7989.7
11272.8,12308.3
11290.7,2866.32
11302.4,5385.27
11308,3855.64
11313.5,3882.95
11315.8,4917.62
11410.4,12305
11415.9,2343.23
11430.6,2521.59
11451.3,2648.51
11451.4,2578.12
11490.5,2855.52
11514.2,2636.64
11532.7,2923.87
11535.2,9122.23
11543.6,2786.53
11560.2,2722.03
11578.7,2856.42
11618.9,2939.43
11660.8,2896.38
11662.8,12617.3
11665.7,4077.89
11674.5,2795.79
11680.2,3690.9
11700.9,10173.1
11717.2,12964.7
11720.8,4288.78
11726.4,2860.75
11760.6,4107.91
11780.6,2859.37
11810.8,2776.6
11828.6,2778.67
11863.6,2780.14
11879.2,10288.3
11893.6,2146.94
11936.1,12674.8
1202.2,3013.09
12047.4,7445.14
12052.1,10809.6
12115.7,2908.88
12164.7,2936.53
12214.1,3722.66
12218.4,8162.53
12221.5,2859.82
12233.8,8049.18
12253.4,6632.98
12312.2,13950.4
12315,2985.49
12334.8,10276.3
12358.6,2929.36
12389.6,8169.69
12545.2,8118.88
1263.49,2999.65
12630.7,6641.48
12666.3,6647.15
12731.5,3261.15
12763.2,7352.37
12771,3246.2
12778.5,12494.4
12785.9,7651.71
12794.9,7568.92
12804.7,7168.14
12869.5,8575.98
12899.9,4780.24
12907.6,4754.43
12910.4,7501.41
12923,2085.67
12942.2,2065.41
12947.2,2120.3
13021.3,2182.4
13031.1,11767.9
13137.5,13755.6
13140.4,11863.1
13192.1,11928.6
13254.4,11174.1
13346.6,7472.24
13371.5,11950.7
13464.2,11711.6
13479.9,12165.9
13488.5,11194
13518.1,8299.33
13577.4,12013.3
13595.9,11791.7
13779.1,9354.32
13809.9,11759.5
13817.4,8503.13
13940,12488.4
13942.5,8173.43
13945,11891
1395.2,772.935
13962.5,8325.26
14110.8,12207.7
14118,10681
14203.4,11644.8
14220.6,10136.2
14233.1,8881.06
14343.6,9548.33
14356.6,8835.8
14464.8,8894.6
1550.32,3078.8
1563.21,8505
1606.39,12416.5
1643.84,3202.19
1656.04,12245.1
1693.21,7006.69
1746.19,12028.5
1777.84,13289.7
1798.56,11907.7
1822.13,13253.8
1835.68,13243
1909.98,10706.4
1915.52,10630.5
1953.34,8094.22
2072.41,13318
2113.98,6261.28
2127.35,4633.22
2158.19,8397.49
2184.46,11224.5
2231.18,11308.5
2322.78,8198.12
2341.89,8221.62
2487.19,4062.7
2504.07,12924.6
2507.12,5961.57
2520.08,11269.5
2630.94,9336.9
2649.98,2389.4
2666.04,9269.71
2736.9,5696.57
2863.37,3421.85
2867.6,7313.66
2914.93,3467.26
2969.8,11140.8
3004.93,11034.3
3006.14,11658.4
3024.69,11116.3
3028.31,3423.94
3100.79,3448.62
3125.59,6010.48
3126.3,2727.3
3195.08,11087.3
3223.26,3336.38
3283.68,5836.76
3293.76,6376
3368.25,6849.97
3466.18,6721.27
3607.97,2925.93
3659.66,2137.38
3755.83,13186.8
3780.53,2821.7
3880.23,5820.28
3892.87,12611.2
4014.49,2587.17
4114.9,5593.54
4145.8,3327.2
4295.2,8456.39
4435.74,4309.37
4600.07,8707
4635.59,8420.14
4904.26,4283.5
4960.23,9638.98
5026.62,3470.64
5091.23,8608.45
5117.53,9259.35
5132.22,8821.46
5162.87,9958.54
5189.65,8749.65
5215.8,8587.26
5223.65,4365.31
5268.99,9934.33
5276.43,3630.71
5298.75,8733.5
5331.41,11401.1
5353.29,14481.6
5360.04,8837.9
5385.12,4065.05
5412.44,4216.42
5429.95,8733.91
5456.89,4117.05
5470.81,3965.49
5505.79,11309.3
5548.08,11975.1
5550.85,4059.93
5607.89,4060.28
5638.15,4751.55
5647.28,12514
5660.34,11175.6
5687.93,11108
5703.27,10933
5716.61,4353.56
5717.5,4202.49
5720.74,9025.94
5733.26,11074.1
5751.94,12248.1
5767.49,7599.14
5775.95,9883.61
5789.3,12620.3
5800.53,12269.9
5823.12,12535.1
5861.91,10058
5876.31,10185.5
5910.37,11240.8
5917.51,10986.4
5929.34,10896.9
5941,11189.5
5949.33,7803.03
5966.04,11166.3
6015.95,11052.2
6045.91,11154.8
6073.88,12562.3
6093.05,11083
6097.77,11165
6102.96,10970.8
6105.58,8685.13
6110.78,10924.9
6140.37,9051.62
6141.11,11157.8
6183.3,4315.25
6218.16,7288.92
6297.04,8557.88
6302.53,8845.97
6402.89,12776
6431.44,11016.2
6452.43,12921
6453.48,8893.92
6514.55,10462.3
6563.71,6185.58
6678.54,7852.92
6870.4,8668.43
6962.83,8514.65
6988.51,13371.6
6993.41,11317.6
7054.46,4208.76
7183.52,4233.17
7187.7,8202.87
7202.88,12690.7
725.038,11259.4
7255.79,7953.05
7274,7924.99
7308.43,8072.12
7315.55,7878.46
7407.77,7685.17
7452.88,12010.4
7466.85,7141.31
7470.04,7309.72
7494.03,9643.01
7516.13,7334.28
7621.34,12599.4
7637.17,8474.86
7709.78,11345
7767.29,14839.8
7813.48,9011.11
7816.75,13525.4
7835.92,10292.2
7855.18,13483.3
7879.8,10588.2
7903.69,7809.63
7915.68,7563.81
7924.23,12421.5
7979.84,7468.06
7994.45,7446.56
8004.29,7740.53
8005.81,7578.24
8033.47,13564.1
8033.96,11897.4
8040.87,9839.06
8066.62,7979.22
8067.77,7175.41
8073.47,10661.7
8164.09,9783.26
8207.06,10030.3
8235.14,12071.1
8266.01,11048.8
8278.79,9252.36
8351.72,10290.5
8352.21,12008.6
8370.25,10271.1
8403.95,8141.7
8449.74,13670.8
8451.53,10807.2
8458.1,7675.21
8469.53,7481.75
8490.87,7703.14
8494.55,7218.58
8538.6,10808
8652.2,4871.17
8671.86,8866.46
8678.25,9838.46
8681.89,10196.6
8727.2,10246.6
8762.7,13799.3
8796.38,6683.98
8830.64,3697.76
8867.14,10164.4
8885.11,13728.3
8900.86,13666.3
8910.89,4666.09
8915.25,8520.93
8915.68,11237.2
8922.2,10021.8
8925.1,3629.32
8930.86,4722.64
8938.25,3611.04
8953.76,13718.8
898.373,7594.55
8986.64,4671.61
8990.91,4752.61
9008.55,4731.4
9009.73,10858.7
9014.89,3553.05
9062.48,9828.87
9073.08,13747.9
9087.1,11031.3
9235.85,5977.53
9306.31,13566.5
9314.45,13134.6
9315.21,4080.07
9315.26,11122.5
9340.51,4250
9350.41,3906.16
9356.62,11237.8
9404.78,10457.1
9409.95,13322.8
9411.71,13039.8
9422.7,4063.96
9434.7,10560.5
9446.33,13461.5
9527.33,4097.25
9626.77,4097.03
9659.53,7022.7
9662.68,4115.85
9824.29,13531.5
9878.63,6413.14
9881.71,13361.2
9918.47,13478.2
9970,9558.62
11261,5234.73
11279.5,5232.59
11281,5251.04
11546,2570.66
11656.3,2724.55
11747.2,2665.15
11805.2,2757.39
12810,7322.88
12888.5,7349.19
1833.02,11952.3
5457.28,4046.48
5505.18,4060.62
5671.33,10118.6
5760.16,10228.2
5817.61,10536.6
5821.28,10518.3
5840.03,10522.8
5929.54,10589.7
6289.03,12797
6291.3,12778.4
9425.82,13590.3
9459.88,13592
9687.64,13500.5
9711.63,13562.1
11208.7,5277.33
11621.2,2741.19
11659.8,2666.18
11660.7,2768.75
11695.8,2538.88
11741.7,2630.26
12825.7,7313.64
12861,7382.19
1820.01,11999.2
5480.04,4076.59
5726.04,10144.2
5732.01,10121.6
5740.11,10241.2
5757.71,10670.8
5779.73,9998.4
6332.15,12823.3
9379.41,13555.9
9456.59,13574.6
9470.35,13526.9
9560.99,13584.5
9708.81,13544.5
9781,13520.6
11290.3,5202.9
11314.5,5255.26
11593.4,2630.46
11669.3,2726.64
11701.2,2723.97
11715,2541.71
11722.4,2631.25
11727.1,2766.64
11771.8,2724.97
12827,7335.19
12876.2,7333.6
1759.67,11956.1
1783.73,12011.2
5477.53,4024.64
5534.16,10019.5
5570.59,10036.4
5642.98,10263
5652.55,10316.7
5674.12,10234.7
5675.23,10370.2
5730.98,10203.5
5738.23,10402.2
5748.07,10259
5754.24,10494.6
5766.18,10557.4
5766.7,10311.9
5782.08,10269.5
5787.8,10465.2
5827.61,10289.5
5840.25,10322.1
5840.62,10460.3
5841.3,10414.8
5927.8,10576.1
5936.76,10664.5
5941.1,10622.1
5949.76,10201.6
6302.47,12785.9
6339.89,12801.7
7898.02,7757.16
8853.53,10195.8
9349.89,13613.8
9368.04,13606.9
941.746,7728.02
9412.7,13592.8
9421.12,13543.1
9614.04,13559.6
9657.88,13512.9
9684.83,13487.2
9691.03,13551.8
9762.75,13525.5
11611.3,2668.45
11668.1,2746.95
11702.7,2569.7
5610.82,10041.1
5690.89,10225.4
5700.93,10270.5
5761.21,10629.3
5771.88,10395.8
9443.32,13528.9
9479.66,13577.2
9566.78,13562.1
9674.7,13560.7
11259.3,5198.38
11308.1,5280.53
11315.9,5235.06
11510.9,2517.12
11533.6,2584.47
11623.1,2702.9
11643.1,2550.92
11691.1,2642.87
11694.2,2800.19
11721.4,2720.88
11728.8,2666.27
11747.4,2768.82
11832.9,2758.26
12835.4,7354.71
12877.6,7364.31
1737.31,11996.2
1788.26,11965
1827.06,11976.2
5534.53,9963.91
5542.03,9939.3
5551.2,10031
5644.98,10065.3
5650.09,10040.4
5650.6,10282
5683.42,10086.9
5700.91,10340.4
5717.76,10293.9
5723.81,10366.3
5748.24,10035.3
5759.12,12638.6
5765.7,10577.7
5766.09,11017.7
5769.9,10115.9
5774.1,10498.7
5835.38,10790.4
5837.02,10388.3
5842.37,10546
5927.64,10155.6
6323.39,12789.1
6366.21,12844.1
7351.98,7920.24
9330.85,13621
9356.72,13564.9
9494.54,13523
9753.11,13487.4
9814,13519.9
10103.6,13474.9
10947.5,6339.52
11190.4,5274.46
11301.7,5208.16
11324.9,2909.44
11607.4,2641.3
11619.9,2983.25
11664.5,2533.29
11711.6,2666.25
11738.6,2720.63
11743.2,2648.93
11815.9,2756.26
11856,2758.65
12777.5,7449.06
12787.3,7290.28
12895.4,7407.58
13888.3,8357.13
1760.06,11944
1789.04,12077.2
1805.65,12035.7
1814.23,11924.8
2666.09,7306.72
3042.04,11167.3
3070.5,11180.2
3426.1,6754.34
5456.08,4092.58
5457.18,4008.16
5504.01,3960.9
5510.94,4051.61
5571.64,4163.24
5665.69,10195.7
5667.82,10079.7
5699.36,10425.1
5706.5,10506
5716.68,12620.5
5723.01,10178.9
5728.68,10404.5
5729.08,10334.1
5734.73,10418.5
5751.3,10054.8
5772.86,10240.4
5781.97,11031.7
5789.83,10143.4
5804.86,10102.2
5812.72,10781.6
5825.13,10010.5
5836.28,10832.7
6256.37,12767.1
6380.88,12853
6431.36,12810.7
7313.5,7899.67
7391.51,8022.47
7981.45,7528.95
8395.29,13650.9
8773.99,10231.7
8898.15,10155.3
9341.2,13571.7
9375.54,13539
9409.51,13545.4
9476.81,13359.4
9511.03,13519.8
9590.34,13559.8
9631.36,13376.6
967.858,7727.29
9736.94,13556.2
9783.75,13481.7
10653.8,6631.14
10902.4,6326.66
11731.7,12978.3
12805.9,7377.16
12921.7,7393.05
13926.3,8337.46
14384.6,8874.07
1575.18,3037.32
1770.58,11899.3
1814.01,12040.6
1823.4,11909.1
2644.61,7316.13
2984.51,3527.54
3035.14,11212.7
3045.84,11158.2
3069.01,11189.5
3189.23,3417.91
3342.28,6594.18
3449.68,6716.43
5056.38,8661.65
5350.57,4006.67
5410.54,4082.11
5415.07,4846.72
5416.67,3915.36
5437.39,4029.01
5446.53,4095.16
5492.9,3945.08
5493.71,4012.03
5528.96,4081.17
5561.79,4194.43
5580.65,4167.08
5613.1,4182.6
5724.7,12626.1
6250.04,12787.1
6392.53,12793.2
6408.2,12832.4
6812.4,13357.3
7860.79,7751.7
7908.59,7730.58
7971.53,7530.04
8167.91,7631.69
8450.24,13651.9
8568.49,7720.13
8780.29,10239.3
8826.93,10156.5
8896,10209.6
896.317,7685.68
9369.72,4050.85
9439.91,4034.04
9472.61,13350.9
9499.58,13446.9
9617.64,13404.9
963.64,7718.29
9818.92,13548.7
9837.33,13482.4
10079.9,13477.4
10325.8,2684.35
10901.7,6316.7
11362.3,2924.02
11739.2,12971.6
12777.2,7439.32
12788.5,4770.47
12804.4,7367.14
12825.2,4809.84
12955.3,7383.99
13926.9,8347.62
1774.28,11890
1851.15,11919.5
1864.8,12073.5
1880.94,7728.67
2028.84,11806.5
2178.82,4503.26
2634.56,7318.12
3036.29,11202.7
3067.83,11199.5
3179.52,3415.33
3435.33,6750.86
3660.11,2160.8
4469.6,3723.35
5044.2,8583.47
5117.21,8665.72
5317.44,9858.04
5405.91,4851.03
5409.82,3908.09
5423.89,4073.08
5473.48,3926.39
5552.68,4200.18
5634.84,4116.49
5710.47,10973.1
5731.03,12606.5
5852.54,10273.2
6224.05,12776.2
6425.23,12842.9
7192.75,8020.35
7297.83,7891.38
7591.83,8520.58
7859.77,7741.6
7876.32,13517.6
7975.3,7505.75
8466.51,13663.4
8771.56,10222.1
8817.94,10161.2
8900.92,10218.3
925.954,7676.22
9291.54,13595.3
9364.91,4021.29
9430.53,4037.26
9614.97,13581.7
9638.93,13414.7
9829.4,13547.9
9857.48,13483.8
10091.9,13476.1
10900.7,6349.04
11325.4,2920.95
12810.3,7388.49
12827.1,4797.91
12878.2,7419.27
12936.3,7374.05
13926.3,8310.4
1726.11,12012.2
1809.56,11935.3
2018.45,11800.2
2655.24,7310.44
3045.44,11146.1
5081.46,8696.62
5256.98,9858.66
5357.04,4016.83
5434.21,3984.88
5464.95,4016.64
5508.43,4101.32
5515.4,3972.23
5521.24,4071.22
5656.17,10333.7
5669.05,10131.5
5735.14,10344.2
5743.04,10999.3
5749.68,10273.5
5751.58,10198.7
5759.88,10089.3
5777.11,12646.9
5794.35,10107.1
5797.46,10025.6
5837.09,10429.5
5843.32,10070
5922.16,10552.7
5936.49,10208.1
5939.08,10636.8
6404.07,12797.2
6441.45,12816.3
7895.27,7716.99
7895.69,7786.14
8388.9,13660.7
8500.92,12477.8
8824.92,10212.3
8873.42,10225.2
8943.99,10143.4
907.74,7695.73
9317.88,13580.8
9328.82,4055.53
9384.96,4015.33
9403.45,13522.6
9419.12,4041.36
9502.53,13494.5
9584.95,13584.7
9605.27,13402.8
9733.59,13532
9772.49,13484.3
9883.9,13484.7
10900.8,6365.09
11034.2,9814.85
11719.7,12985.7
12811.7,7278.56
12813,7404.18
12828.1,4771.86
13925.6,8294.47
1715.65,12037.6
1764.33,11928.2
1845.63,11932.2
1888.23,7716.43
2691.5,7297.87
3047.91,11122.4
3061.27,11230.4
3201.83,3424.26
3405.88,6765.77
3645.99,2159.16
5048.65,8650.04
5340.04,3997.39
5428.64,4842.72
5435.24,4064.9
5445.32,3973.62
5519.53,4040.96
5604.67,12495
5623.88,4191.49
5642.55,4104.76
5684.13,10149.6
5730.76,10989.3
5814.42,10240.4
5836.63,10044.9
6237.48,12780.7
6380.92,12785.3
6798.37,13357.1
7859.88,7765.59
8378.74,13673
8497.14,12493.5
8554.32,7721.45
8840.53,10152.4
8859.64,10233.9
8896.73,10176.5
9303.89,13588.4
9328.57,4029.69
9393.67,4047.23
9499.09,13433
9600.79,13581.9
9643.42,13382.5
9803.33,13480.5
9804.85,13546.4
9899.92,13487.3
10015.5,9328.38
1007.31,11120.3
10102.9,6163.75
10116,9324.01
10152.7,4948.46
10292.4,5085.63
10307.9,13306.1
10391,2661.24
10391,8528.64
10395.5,13196
10400.8,6788.9
10524.4,6557.15
10526.2,10564.4
10563.3,10583.1
10618.2,3618.44
10870,6198.72
10884.9,1952.1
10901.3,13241.2
10928.2,9773.56
10944.7,4772.79
10944.8,7985.44
10985.7,13241
11001.3,9805.48
11169.7,10684.7
11308.3,4921.32
11313.4,5347.24
11339.5,5288.82
11344.3,1629.82
11349.1,12348.7
11358.1,5282.58
11369.3,2360.02
11391,5357.18
11696,1895.12
11705.1,4311.66
11765.4,1985.61
11848.1,4412.59
11897.8,2190.32
12268.9,6675.03
12365.1,12784.1
12372.7,11258.4
12395.2,2529.64
12433.3,1938.42
12673.6,3238.84
12723.4,4830.39
12726.1,3285.85
12736.5,7616.11
12741.7,4760.91
12744.9,7563.79
12757.3,14384.9
12790.2,4779.37
12799.9,4682.67
12810.3,6836.34
12838.2,4700.92
12878.1,11797.1
12930.1,2085.37
12953.7,2130.99
12964.8,11646.2
13066.3,2183.43
13100.4,11925.5
13149.9,8620.94
13171.9,11942.3
13231.3,11188.5
13291.3,7490.9
13343.1,11200.2
13380.2,7503.72
13465.2,8462.37
13465.8,2770.06
13473.9,11220
13522.9,3002.68
13787.7,9357.14
13839.6,8471.75
13872.1,8426.93
13990.4,8201.33
14008.9,8089.71
14058.3,8359.68
1412.25,7124.71
14124.8,10691.3
14226.2,11655
14292.4,11538.6
14484.4,10031.8
1483.19,3013.49
1535.16,12680.6
1536.99,6906.21
1538.98,6868.46
1568.22,8510.04
1629.14,8516.59
1630.55,12440.9
1694.85,6115.52
1716.62,6167.39
1843,13247.9
1906.68,10663.5
1939.31,10713.1
2143.08,4633.73
2171.55,8157.71
2299.6,8232.75
2328.18,8159.61
2352.67,5647.92
2375.19,8171.32
2463.68,11389.7
2508.73,11040.3
2605.89,7457.94
2661.99,9295.03
2686.72,9358.58
2742.69,5685.19
2783.25,5601.44
2828.29,5669.1
2844.39,7301.52
2881.14,11163.3
2936.26,3465.97
2954.21,3344.08
2966.16,8930.05
2993.71,11114.7
3001.14,3422.68
3032.46,3675.08
3093.51,2985.83
3130.79,5453.27
3131.05,11966.7
3232.51,11079.8
3334.77,11139.7
3340.35,11232.6
3370.37,11343.3
3400.11,6422.33
3613.06,2186.62
3676.42,11382
3756.13,5449.82
3812.41,9277.87
3824.14,2970.07
4206.65,4033.99
4226.78,13371
4237.21,3641.5
4499.76,4203.52
4524.57,9138.5
4560.44,8218.54
4669.44,8492.22
4679.79,9461.11
4704.84,3654.17
4712.25,4137.42
4843.12,3447.7
4849.74,9814.45
5018.46,3034.28
5023.84,11561.1
5096.05,4088.49
5106.59,8599.47
5126.45,5270.95
5261.67,8214.06
5315.28,4005.44
5328.97,14531.9
5359.2,8673.44
5395.61,4639.56
5402.32,7570.78
5416.27,4259.62
5436.88,10962.9
5462.33,4168.33
5497.83,4227.38
5550.83,4233.19
5627.3,3219.42
5660.22,4940.69
5718.98,8998.79
5735.4,13003.7
6005.44,8421.48
6005.77,8621.11
6044.8,10637.4
6071.55,10550.7
6090.65,4163.98
6110.17,9316.02
6130.05,10479.1
6195.62,8562.65
6196.71,10328.3
6225.4,7323.78
6348.03,7112.42
6580.5,7051.49
6699.23,12726.5
6721.79,4269.15
676.681,11245.6
6839.84,8692.41
6900.11,10734
7168.56,13275.7
7182.17,4206.79
7196.81,8197.15
7274.89,7934.74
7300.52,8081.84
7373.68,7853.38
7507.67,7105.47
7511.91,7399.97
7518.01,13522.5
7592.2,8842.7
7633.16,6593.48
7818.7,8884.58
7863.61,10546.4
7942.33,10647.9
7953.47,10501.7
7957.31,7877.22
7973.9,12463.9
8027.44,13423.5
8130.54,7810.84
8237.56,8732.82
8241.36,11112.1
8304.96,11164.3
8425.03,7429.64
8656.61,8863.62
8661.04,4848.7
8664.59,10186
8794.64,13568.6
8795.88,10338.3
8839.02,10051.9
8882.8,10026.8
8889.6,10324.4
8915,10054.2
8924.01,10615
8974.56,3496.18
8990.84,11308.2
9289.51,5953.22
9304.4,11196.1
9316.39,8594.22
9326.5,13429.4
9337.95,13240.4
939.902,7819.35
9401.14,13127.1
9408.31,10462.7
9462.65,3928.09
9470.75,3942.35
9669.27,7165.53
9810.73,2684.87
988.802,7516.69
9885.76,9769.42
10050.3,9391.94
10130.6,4979.79
10137.8,4965.36
10223.3,5058.05
10275.3,13276.5
10296.1,4822.53
10365.8,13232
10369.9,13314.1
10390.3,2650.66
10396.3,2620
10414.7,2579.01
10427.1,10597.2
10524.8,6568.33
10536.2,10560.8
10570,10551.4
10840.1,1954.27
10849.6,6452.53
10867.1,6385.74
10871.9,6251.45
10946.5,13125.3
10972.1,9822.89
10976.7,13231.8
11136.1,9774.9
11174.8,13087.5
11313.4,5389.7
11315.2,5331.23
11338.8,5348.86
11339.2,12315.4
11355.6,1670.47
11358.6,5351.15
11359,5397.33
11364.6,5302.07
11370,5284.84
11371.3,2278.4
11384,5374.71
11428.4,2290.36
11658.3,4119.03
11667.6,4320.33
11678.7,5183.14
11749.4,1886.81
11769.1,2135.62
11871.2,12689.1
11999.6,7467.06
12003.3,9708.66
12015.9,2234.37
12246.5,2283.22
12250.4,6664.51
12390.8,2514.43
12401.2,8033.52
12522.1,12767.9
12526.3,2604.26
12625.9,7927.22
12669.5,4759.84
12671.6,2648.59
12685.1,3233.83
12693.6,7589.35
12714.9,4806.65
12726.5,4744.28
12733.2,3238.98
12775.1,4934.74
12815.7,7540.51
12904.2,4731.94
12946.7,2091.02
12998,2116.25
13050.3,3133.4
13082.7,2384.32
13177.4,11937.6
13242.7,7530.42
13343.4,11233.9
13390.3,3103.68
13509.5,2981.28
13534.6,8510.28
13882.5,8459.52
13935.3,8411.52
13954.4,8260.2
13957.5,9211.86
14167.6,9122.05
14337.4,11590.1
14384.4,8952.5
14541.9,9754.95
1521.52,12701.7
1523.02,6880.13
1533.7,3051.16
1585.25,8513.5
1600.69,12436.1
1616.22,8519.07
1635.51,12454.1
1657.36,3220.55
1671.48,6132.49
1798.85,13240.1
1818.14,13263.8
1821.14,13314.1
1866.51,11987.7
1913.31,10720.1
1933.35,10655.8
2045.87,10802.3
2120.21,7643.49
2166.34,4618.72
2296.48,8200.36
2324.76,1895.54
2350.33,8183.79
2355.97,7948.25
2358.16,8210.63
2397.68,8142.21
2445.75,11370.2
2465.8,4083.94
2499.6,11051.5
2541,6021.03
2543.25,7572.55
2637.51,7348.92
2638.75,2378.11
2673.55,9261.59
2676.17,9344.17
2728.36,3442.03
2802.61,7300.05
2810.01,5723.09
2813.22,3381.72
2835.22,3298.24
2864.84,7274.55
2915.71,7266.3
2924.4,3464.88
2933.5,6952
2991.74,11097.9
2991.84,3330.04
2994.68,11183.3
2996.27,3706.34
2996.46,11047.6
3028.14,3432.17
3121.78,5449.56
3128.24,3343.21
3128.37,2734.3
3142.5,11410.6
3199.52,11100.5
3227.17,11096.4
3306.13,5887.09
3555.23,2176.69
3683.5,11387.4
3865.81,2980.84
4086,4162.17
4194.93,4015.94
4425.52,3140.84
4659.5,9461.36
4664.6,4140.08
4743.43,8685.45
4791.88,4184.3
4807.62,9749.68
5021.81,8727.79
5115.88,3988.36
5233.71,4858.69
5287.33,4048.98
5297.4,3998.61
5336.18,8816.81
5424.74,7581.9
5430.62,4165.48
5463.81,4263.87
5475.3,4167.08
5537.4,9845.49
5621.56,3205.92
5647,4901.36
5703.77,4177.99
5926.71,8051.12
6067.62,10615.7
6076.02,8517.47
6125.75,9943.75
6191.04,10273
6212.08,8545.87
6307.79,8774.54
6329.54,9988.75
6359.71,7107.86
6376.53,4665.45
6397.16,7286.86
682.912,11272.1
6871.84,8638.99
6894.78,13241.9
7152.58,8076.78
7183.5,4241.86
7474.96,7077.22
7678.82,6589.77
7844.05,8895.33
7909.83,7534.06
8090.68,10648.9
8107.75,10576.5
8231.29,11073.1
8259.53,8689.44
8261.77,9175.64
8399.89,8152.62
8410.45,7432.61
8436.16,10926.9
8485.25,6460.88
8502.82,13687.5
8505.65,13778.7
8673.85,4870.86
8685.7,10169.2
8746.34,3737.28
8769.7,13593
8798.93,3624.33
8819.4,10348.6
8833.4,10008.2
8839.81,10479.4
8848.84,3681.64
8868.91,10303.1
8869.74,3597.08
8889.14,9988.63
8890.98,10057.4
8900.28,10303.6
8938.98,4737.29
8955.86,3539.86
8958.16,4717.23
8973.97,3568.29
9059.19,4825.42
9122.86,10886.7
9264.3,11177.7
9328.84,13439.4
9332.35,13251.1
9361.28,13206.2
9386.71,3872.83
9397.57,3859.26
9402.39,10502.9
9454.81,3947.32
947.246,7551.59
9473.17,4177.24
9476.83,3959.04
9802.83,6416.53
9818.54,9529
9860.8,2636.15
9965.84,9756.31
9983.06,9328.91
10081,9378.85
10201.6,9792.35
10335.2,6742.33
10349.5,13260.9
10350,13349.4
10376,2615.53
10411.8,13418.4
10416.1,13220.6
10538.5,10584.2
10605.4,3604.86
10876.3,6409.4
10897.3,9775.84
10927.5,7973.08
10942.1,6183.35
10942.5,13139.3
10947.6,4735.79
10990.9,13272.9
10991.8,9849.39
11083.5,13172.4
11159,13102.5
11161.5,10021.6
11162,10679.9
11231.1,8666.91
11335.7,7598.29
11359,5322.65
11702.3,3656.26
11911.3,12699.1
12142.2,9407.8
12242.8,6648.32
12385.5,11229.9
12419.3,7787.53
12420.3,2494.31
12518,12752
12640.5,6629.46
12697.2,3243.82
12716.4,7615.81
12770.9,4709.22
12783,7059.75
12832.6,2566.55
12846.2,7532.24
12957.6,2108.11
13023.1,2145.13
13054.4,11776.8
13123.9,11963.9
13151.6,11873.2
13266.2,11183
13351.4,11268.7
13378.9,7475.36
13469.4,11170.3
13519.5,8515.14
1371.11,8074.12
13882.5,8440.39
13935.7,9738.75
14039.5,8436.81
14103.9,10691.7
14201.3,11662.8
14227,9108.28
14286.7,8908.01
14297.1,11638.4
14373.6,9590.08
14433.5,8847.94
1529.61,3077.43
1623.95,8498.91
1670.55,4251.48
1863.22,3954.99
1947.72,11944.8
2135.6,7657.25
2181.46,4617.99
2345.37,2172.82
2424.42,7391.76
2664.4,2380.77
2739.19,5711.93
2844.51,3344.08
2879.13,11927.5
2929.84,6933.79
3287.97,3337.2
3297.64,5873.87
3360.4,6791.62
3457.97,6469.29
3611.71,2990.4
3628,2180.57
4221.75,4021.89
4324.77,8388.34
4340.01,3745.64
4535.2,2188.28
4631.33,8437.98
4652.4,8565.63
4718.01,8757.28
4723.68,4150.14
4907.45,8684.18
5013.1,11418.4
5024.95,8711.08
5123.09,8606.16
5129.97,4025.59
5332.72,8775.05
5338.23,8668.05
5416.13,7973.53
5450.35,4232.84
5591.44,9828.58
5658.31,12492.8
5709.18,4163.1
5741.25,12298.2
5744.24,12259.8
5953.57,7792.29
5978.49,8598.78
5999.51,8461.78
6054.52,10601.1
6229.24,7308.36
6270.38,10259.2
6286.34,8573.42
6298.93,9968.74
6317.45,7253.07
6367.21,8811.65
6531.19,7076.78
6572.23,12800.7
6586.05,6317.88
6773.1,13310.3
6917.54,13261.9
6924.98,8370.34
6949.32,8589.38
7037.72,10815.2
7148.81,8155.91
7169.86,4221.92
7188.06,8184.45
7207.85,8053.68
7288.81,8021.61
7401.95,7793.04
7435.91,7998.48
7447.59,12024.3
7461.18,7322.34
7581.02,8804.06
7663.85,7742.25
7677.71,10560.1
7926.32,7537.28
7968.54,7887.38
7984.7,13430.1
7990.49,12434.2
7993.95,9480.86
8002.21,10478.2
8022.1,9850.44
8124.78,10578.7
8145.77,7809.01
8166.16,8768.38
8230.55,9161.31
8290.75,11122.4
8315.8,7273.6
8371.42,11963.8
8378.89,7660.48
8435,10900.2
8439.54,7459.6
8461.22,13425.5
8602.23,9067
8649.91,10183.2
8702.2,10212.2
8703.38,1258.79
8756.56,13626.5
8786.64,3731.82
8810.57,10096.6
8811.77,6681.36
8822.65,7333.1
8837.31,10310.2
8858.38,9997.46
8868.8,10330.6
8917.7,10039.1
8931.86,10267.8
8982.08,4732.68
8995.56,3568.91
9002.15,11335.7
9311.68,13121.2
9331.84,13212.4
9367.69,13250.6
9381.41,6202.72
9384.65,10495.1
9394.77,11174.6
9434,10482.4
9453.94,13042
952.748,7804.14
955.084,7659.06
9594.48,13304.6
965.206,7532.28
9772.44,6431.18
9795.88,10308.4
995.109,11156.5
9988.93,9312.09
13932.8,12058.2
13957.4,12015.1
13975.8,12085
14000.5,12045.2
14019.9,12112.5
14045.4,12071.2
14063.1,12139.6
14088,12099
11819.6,2229.43
13915.9,11919
13929.3,11955.4
13942.5,12141.8
13972.3,12160.5
14002.4,12179.3
14032,12197.9
14112,12163.7
14134.1,12127.7
5342.35,10023.1
5387.52,10023.7
5431.77,10023.5
11213.9,5253.1
11366.4,2911.68
12756.4,7315.65
5081.1,8717.03
5524.28,4127.68
5676.01,9909.86
5688.33,9915.97
5700.64,9922.12
5722.63,9969.9
5734.65,9963.06
5769.77,10333.5
6323.32,12752.3
7966.4,7603.56
8624.86,10037.2
937.463,7699.21
9874.71,13537.7
11147.9,14405.9
11364,12314.3
12329.2,1877.1
12385.3,4470.73
13239.3,2937.53
1729.11,6087.28
2652.57,9249.42
8258.29,11149.9
11747.4,2329.42
11757.9,2318
13250.3,12352.1
13263.6,12360.5
13276.8,12368.9
13290.1,12377.3
13625.5,11828.4
13640.4,11822.8
13655.3,11817
13670.2,11811.4
13671.9,11755.8
13721.1,11741.8
13746,11924.7
13760.7,11919
13768,11730.2
13775.6,11913.3
11771.8,2276.47
13133,12506.7
13170.2,12530.5
13207.4,12554.3
13219.5,12322.3
13239.3,12283
13263.3,12225.5
13276.1,12306.7
13278.9,12073.2
13319.8,12056.7
13327.5,12400.7
13342.2,11966.7
13359.3,12007.3
13471.3,12047.7
13489.6,11707.9
13536.3,12023.3
13683.2,12239.3
13698.1,12274.5
13731.8,11796.8
13772.3,11779.6
13869.9,11833.6
13887.1,11873.8
10088.2,11748.7
10881.5,6283.15
11017.7,10279.2
11064.1,9796.39
11721.6,13086.2
11734.3,2996.21
12177.2,8125.89
12842.5,7271.8
12910,7420.6
14005,8304.34
1745.6,12147.4
2287.68,8593.29
2619.38,11269.8
3332.77,6606.55
4612.49,5211.28
5159.6,8653.37
5342.73,4276.52
5639.98,4046.96
6363.88,12777
6833.13,13354.3
6894.37,7464.21
6898.45,7442.55
7540.85,10441.6
7570.82,8502.8
7925.36,7728.84
7994.52,7417.65
8127.22,13392.4
8151.38,12010.5
8809.36,13778
8818.48,6617.06
8896.33,13680.7
8909.13,11894.3
8955.86,10196.1
9481.14,13257.4
9655.99,13582.6
5532.16,3935.54
5545.87,3951.83
7346.04,8521.87
7364.89,8542.87
7369.29,8500.07
7389.37,8520.63
10067.3,11762
10907.5,7850.18
10943,11490.2
11125.1,9587.33
11167.2,11460.8
11171,11506.5
11253.3,5397.26
11558.6,2641.21
12496.9,7840.78
12710.5,7478.58
13305.4,13718.5
14611.5,10994.7
1846.54,11858.3
2308.24,6333.83
2311.53,13144.3
2408.24,7230.64
3065.05,11009.9
5515.55,12005.1
5516.07,10085.8
5577.76,4054.32
5602.15,4009.03
5615.38,10176.1
5616.16,4023.48
5624.68,10210.1
5846.72,10359
6825.29,7284.12
7043.19,13426.6
7466.63,7474.76
7470.35,8515.58
7836.76,7688.73
855.521,7639.09
8708.79,13805.5
8866.85,11954
9013,13802.4
9027.72,13756
9123.81,10165.6
9147.23,10156.7
9307.25,13684.5
9434.34,7578.69
9800.05,13590.2
12808.2,12522.4
3775.17,14004.2
3889.29,12584.1
4195.04,11710.3
4266.76,12594.1
