10351.2,700.257
10620.3,11228.8
10942.6,4411.36
1095.55,5652.76
11254.6,632.759
11364.4,4554.91
11383.9,4307.33
11543.7,9403.8
11656.1,282.552
11742.4,8333.88
1244.33,9581.18
12484.4,8918.45
1249.39,7100.3
1322.09,7461.88
1539.64,9475.58
1840.39,7118.55
2772.13,6793.02
2895.59,5319.13
3089.03,10504.7
3092.59,11896.2
3315.62,12093.8
3348.78,6810.42
3512.68,12200.1
3630.93,11632.3
3968.93,8242.99
4004.42,7826.71
4057.88,12068.8
4177.55,9047.38
4813.6,9906.99
4888.03,7190.42
4890.84,7538.05
4899.36,7993.03
5300.65,9989.79
6121,10405.8
6159.06,10193.1
6228.26,4099.59
6310.25,11120.2
6538.14,11458
6637.28,11273.7
6644.25,10878.6
6972.51,11836.1
8547.02,11997.5
9139.69,11052.3
9318.1,10477.2
9412.03,10965.7
9700.57,10320.2
9737.21,10497.3
983.393,5484.34
10716.7,6945.19
10936.2,851.237
10987.8,4143.81
11112.2,11487.9
1114.46,7312.43
11198.3,7879.42
11391.9,4255.79
1166.97,7111.51
1250.23,8146.9
1985.86,7571.18
2517.36,5557.43
3039.73,7049.75
3116.58,11964.6
3134.98,4926.34
3724.86,6354.33
3773.36,11831.5
3776.73,12223.8
3831.18,8494.07
5243.34,10432.5
5384.76,9880.76
5855.18,4272.97
6188.82,10237.2
6360.99,10475
6364.5,3851.95
6784.72,11247.4
698.976,5709.91
8051.66,11757.5
9215.59,11037.9
10574.7,11214.1
10958.4,4271.67
11240.3,665.338
11407.4,9059.2
11447.1,9677.17
11466.6,4413.91
11861.1,7416.94
1301.6,9793.85
1330.43,6904.86
1359.7,9574.45
1400.9,9400.68
1474.65,7682.86
1701.73,9551
1921.85,7096.25
1978.53,6610.38
2026.85,9467.8
2480.68,7526.53
2959.01,6901.02
3159.72,11953.3
3557,11780
3576.27,12359.1
3774.82,11655.4
3812.06,11926.2
3876.08,11830.9
3897.35,7973.26
4838.58,7756.34
4878.57,9691.53
4894.49,9958.32
5103.79,10581.9
5132.59,10288.6
5141.02,9628.61
5146.63,10402.1
6377.79,10098.1
6483.25,4626.96
6549.77,11537.2
6629.31,11314.7
6710.08,11131.3
6980.99,11887.2
771.24,5574.97
8499.9,11787.4
8691.16,6628.52
8902.32,11209.1
9230.85,10737.1
9397.98,10884.1
9523.32,10438.8
9744.29,10540.6
11255.6,4200.36
11397.3,9416.66
1328.38,8068.18
1714.59,7647.68
2535.47,5494.76
3086.55,7043.77
3123.73,12052.5
5080.33,10409.1
6472.15,3777.3
8424.27,11274.8
2040.91,11283.5
4426.5,6674.7
6406.97,8122.22
7466.77,2518.48
7810.8,5855.87
7876.28,9746.52
8188.56,11082.1
8985.82,6595.39
9837.14,8454.5
2042.51,11139
4448.11,6691.42
4456.82,6698.7
5009.44,2107.81
6430.28,8169.67
6438.02,8177.23
7792.78,5877.38
7895.78,9781.47
8115.58,10923.8
9029.84,6581.97
9037.94,6594.03
9045.76,6606.56
9689.27,8478.54
9696.34,8491.53
9903.62,3780.42
2070.88,11172.9
4292.5,10390.5
4430.2,6716.01
4965.4,2136.97
6447.27,8189.52
7483.84,2541.05
7823.44,5818
7914.3,9734.71
8130.43,10908.5
8296.59,11177.9
9077.78,6596.96
9685.87,8510.75
9819.12,8608.93
9862.18,3782.64
9971.48,8483.2
4612.17,6335.37
5091.38,2083.91
5103.77,2087.14
5877.9,6699.8
5921.44,5088.87
2083.24,11134.5
4260.23,10422.2
4469.29,4824.46
5065.98,2126.02
7675.23,5999.14
7884.5,9865.47
8131.64,10948.1
8947.99,2062.26
9048.28,6658.48
9734.28,8532
10498,3140.61
10801.5,10968.7
10845.9,12541.1
10963.6,10940.9
1109.25,12020.1
1111.53,5754.94
11277.8,9493.32
11323.6,10031.2
11328.2,10070.5
11332.8,10021.6
11339.1,9671.63
11352,10032.1
11361.3,10042.4
11376.9,10059.3
11669.6,9804.03
12054.6,9484.62
1371.73,7184.1
1848.17,7001.57
1926.68,6161.95
1980.43,7295.11
2079.18,6744.58
2222.01,6622.72
2535.43,7364.68
2589.7,7306.22
3427,8992.4
3893.36,8034.79
3927.79,2182.01
4328.37,12403.7
5127.09,10259.3
6322.66,4136.03
7916.05,11496.4
8438.38,2288.02
9094.21,10775
10501.4,11303.2
10638.4,1306.63
10890.4,11273.2
10977.5,1952.16
11082.9,11229.2
11145.9,9582.38
1140.12,7277.98
1143.83,8878.89
11570.7,6947.63
11662,9449.77
1257.28,8232.01
1419.02,10539.9
1773.89,7118.33
1779.67,7574.91
2007,9495.08
2440.86,7496.84
2920.79,12225.2
3465.84,6558.64
3512.47,6559.55
3905.09,7910.52
4099.06,7850.73
4763.86,10198.2
5261.07,5632.5
5756.91,4247.34
6089.11,3964.66
6550.17,4571.58
6601.48,11547.5
8224.95,11915
9012.18,9163.62
924.756,5610.31
9834.99,10679.7
1102.96,11411.6
11068.1,9050.01
1509.36,7518.85
7312.86,2836.8
7650.32,2660.4
10919.6,8974.16
10970.3,9049.48
11573.4,7122.91
7395.82,2569.02
9304.73,11128.5
10881.7,10617
11383.6,619.23
12019.4,5045.64
12263,9151.67
1307.23,7391.85
1748.28,7159.7
1965.63,7008.32
3193.93,2290.8
5771.32,4658.3
8440.81,12032.7
9515.36,10343.7
11026.5,2511.24
11396.2,4449.24
2060.25,10475.4
2498.73,7145.8
3390.42,12232.9
3948.95,7917.1
6172.94,4137.47
6281.5,10395.1
8859.12,11280.2
2002.82,7500.79
4909.66,5265.32
11595,7008.35
1964.19,7686.23
569.68,1133.1
6571.29,6171.45
8111.05,7739.63
8493.9,10073.8
4221.94,10404
11321.8,9356.59
11334.2,4225.95
11357.6,9374.08
11440.8,9450.53
1265.17,8194.35
1329.7,8118.63
1343.7,8148.98
1977.44,6695.26
2082.94,9441.89
2635.86,5407.2
2675.6,5373.03
3082.71,7088.67
3189.6,12002.1
3795.28,8491.45
3837.81,11857.9
4869.57,7295.66
5135.92,10473.1
5176.46,10459.3
6194.29,9978.25
6250.8,11216.8
6299.72,6827.27
6318.55,11264.6
9634.1,10592.8
9733.2,8133.77
11311.9,9375.54
11321.8,9356.59
11334.3,4225.96
11347.8,9393.1
11357.6,9374.04
11440.7,9450.58
11450.4,9431.45
1265.22,8194.35
1329.68,8118.52
1343.64,8148.98
1977.46,6695.3
2082.94,9441.93
2635.84,5407.2
2675.63,5373.02
3082.71,7088.66
3189.47,12002.1
3795.28,8491.45
3837.8,11857.9
4869.57,7295.66
5135.81,10472.9
5176.45,10459.3
6194.28,9978.22
6204.9,9996.88
6250.82,11216.8
6299.69,6827.31
6318.56,11264.5
9634.15,10592.8
9733.2,8133.77
11311.9,9375.53
11334.2,4226.11
11347.8,9393.09
11450.3,9431.45
1265.24,8194.34
1329.73,8118.64
1343.62,8148.98
1977.41,6695.26
2082.98,9441.7
2635.84,5407.2
2675.62,5373.04
3082.71,7088.51
3189.55,12002
3795.28,8491.45
3837.84,11857.9
4869.57,7295.66
5135.89,10472.9
5176.44,10459.3
6204.9,9996.9
6250.83,11216.9
6299.71,6827.27
6318.55,11264.6
9634.16,10592.7
9733.18,8133.78
582.627,3973.86
10618.1,6934.81
10673.3,11157.9
1119.12,7244.01
11464.3,503.899
1343.85,7987.89
1568.43,7462.52
5217.1,10369.1
5924.73,4123.9
6305.79,4006.36
7640.47,11542.3
1002.41,1571.85
10131,12294.3
10268,2708.26
10357.8,3711.29
10379.5,7073.21
10444.2,5001.27
10537.1,1428.96
10693.4,2035.79
10791.6,12662.7
11082.4,12231.7
11090.8,9631.02
11420.4,1343.98
11487.2,11525.9
11721.7,10461.7
1190.7,5911.53
12041.4,4089.27
12129.7,8550.16
12142.5,4786.41
12273.6,9443.04
12279.4,2484.91
12491.9,7719.01
12614.8,8201.46
12725.3,12435.8
12725.5,6318.96
1852.23,9415.96
2047.71,4556.36
2173.29,11553
226.457,10343.8
2423.07,8144.75
2770.64,9293.64
2847.84,1308.12
286.232,2050.11
3193.23,12313.9
3429.03,2666.39
3615.06,5977.75
3690.57,8795.32
3899.2,12499.5
3966.67,7340.66
404.547,11245.7
4069.45,1497.02
4146.6,9196.77
4219.78,5298.75
4318.33,11441.2
4601.21,5439.62
4773.14,12308.1
4794.94,6679.34
4923.84,4330.42
4949.06,793.885
5053.89,3050.71
5721.99,10477.3
578.561,12035.9
5794.56,5355.06
5866.83,6137.5
5885.63,7869.53
5891.57,11811.8
6028.17,1243.08
6138.86,12166.5
6376.31,7953.03
672.956,4394.54
6820.99,3362.37
7229.7,12567.6
7235.82,10638
7312.03,10931.5
7393.77,4414.92
7586.08,12288.2
7641.63,2040.05
7741.48,2492.68
7883.24,9977.83
8655,12374.5
8736.07,8582.87
900.219,8361.99
9029.86,3536.2
9165.05,5931.4
9493.16,4817.53
9544.59,5156.09
9835.28,10821.6
1085.91,7254.47
1966.46,7370.19
6084.64,4076.12
2014.76,7365.26
6253.74,3941.45
10227,2161.85
10213.4,2177.66
11040.9,8952.59
11412.1,518.047
11489.9,7033.58
11543.2,7017.33
11592.5,4638.96
1238.93,8046.83
1259.92,8969.85
1591.39,7570.88
1633.06,9590.13
1989.03,9496.28
2080.28,7755.09
4946.21,2070.35
7316.79,2619.22
8190.95,10792.5
11024.4,9029.99
11033.3,9078.79
11389.5,9489.52
11397,502.695
11526.4,7045.71
11527.5,7014.13
1293.73,7838.56
1571.27,7522.2
1580.75,7545.39
1618.6,9571.28
4906.26,2118.51
5175.36,10317.1
7517.07,2509.43
8162.84,10808.1
8183.59,10746.9
9575.36,10842.7
10545.5,11086.1
10675.7,6951.18
10699.1,11133.1
10813.3,11039.1
10824.8,11049.3
11050.6,4202.33
11064.5,4213.26
11076.8,4222.63
11200.7,9525.49
11434.7,4570.17
11490.7,4607.76
11542.3,369.018
11553.8,358.662
11561.5,9775.82
11581.3,4616.98
11655.7,9644.88
1307.95,7797
1371.44,7500.43
1373.02,8008.99
1384.66,7393.2
1416.61,7398.92
1651.51,9575.1
1671.02,7299.46
1685.13,3665.17
1707.88,7426.82
1799.68,7047.84
1804.37,7607.46
1809.59,7059.48
1857.76,7283.12
1867.98,7298.16
1953.53,6945.74
1968.96,6945.55
1976.42,9498.97
2062.94,7232.73
2554.13,5543.2
3068.5,6799.49
3076.82,6786.49
3095.66,6773.72
3185.17,7030.29
3652.06,11760
4058.8,10139.1
4259.1,10376.4
4485.69,4783.14
4979.29,7895.02
5113.17,2123.14
5723.47,3796.89
5901.13,4075.78
5930.49,4159.37
5997.66,4995.21
6075.36,4214.3
6113.62,4098.79
6551.27,11307.2
6794.11,11141.9
680.4,5685.67
6809.55,11141.5
7303.76,2612.94
7842.29,5891.81
7850.21,5878.49
8210.16,11064.1
8211.63,11048.8
9221.12,10768.4
9236.72,10754.3
9361.21,11002.4
9380.8,10993.5
9393.98,10371.8
9402.5,11001.7
9408.82,11015.7
9411.66,10353.4
10695.7,1111.55
4805.43,893.247
5899.97,5100.27
7475.09,5377.58
7702.37,3071.23
9664.2,8479.38
9968.62,3783.74
10105.8,5535.92
2268.76,10570.6
2866.82,5240.78
5386.58,4909.89
5856.98,6689.92
8016.26,11305.6
8882.08,6609.24
9829.29,8127.49
10377.3,6331.59
3746.61,10402.1
4627,6324.98
6322.12,10544.7
6464.44,9163.09
8542.33,9702.4
8606.57,6740.92
8890.63,11062.3
9446.46,6440.83
11441.1,9504.09
11581.3,421.732
1471.85,7541.78
2023.21,9512.06
4421.92,6732.81
5027.8,2149.04
5117.86,10624.7
5202.11,2156.85
5209.78,5642.26
5311.24,10344.9
6390.86,8167.39
6439.43,11025.3
7637.89,5919.77
7829.86,10068.9
7955.88,9845.96
8900.63,2070.91
9072.18,6683.9
10967.6,9084.5
11511.1,7191.99
2005.1,7326.49
4455.6,10464.1
5561.75,3836.82
6442.06,4766.37
7254.39,2573.87
7369.47,2622.96
9164.85,11138
10095.7,4196.2
11110.8,9040.26
1542.83,7551.26
2234.53,10718.2
3051.87,7017.86
5235.27,10317.9
6192.5,11248.9
7357.41,2825.38
7511.47,2544.17
7612.9,2664.3
7862.1,5807.24
9644.74,10780.3
10874.4,11010.7
11502.2,4657.16
1924.57,7367.29
6053.3,4190.13
9534.53,10280.7
10323.1,6823.53
10427.1,6761.03
11149.1,2190.77
11304.4,9664.06
1372.53,7805.59
1470.91,7869.8
4014.91,7775.26
4427.16,6474.04
4550.45,6442.07
4620.67,6394.96
4947.85,5287.65
5166.56,5390.97
5219.62,5531.28
5251.05,5581.48
5770.04,5186.24
5930.17,8061.54
5941.44,6770.77
6000.22,6847.39
6015.59,8129.01
6110.09,8226.2
6123.4,8006.45
6219.36,8223.06
7299.86,6338.81
7478.59,6277.94
7665.7,5275.88
8124.32,8745.12
8146.76,8739.65
8412.64,6896.76
8434.97,6854.03
8478.11,6884.13
9619.87,8137.44
9856.39,8415.85
9936.94,8448.67
10002,6956.79
10156.6,6883.9
10225.3,6854.54
10374.4,6899.01
10401.4,6764.91
10470.2,6770.24
10590.4,1531.2
10662,1186.69
10704.1,1138.73
10938.2,11113.3
11358.7,2529.03
2057.61,7532.9
4458.91,6423.51
4498.58,6540.06
4585.39,6461.49
4593.34,6530.05
4673.83,6463.76
4709.2,6656.78
4866.11,5191.23
4903.6,5284.61
5088.1,5739.6
5118.1,5473.26
5260.83,5619.02
5335.12,5483.48
5858.96,5118.28
5917.83,6921.1
5965.47,6979.91
5981.12,6748.72
6031.99,8029.13
6036.06,6825.35
6095.93,8264.2
6106.08,8161.62
6266.87,8094.66
6334.13,4366.62
7198.73,6232.78
7312.98,6442.48
7316.28,6269.58
7367.32,6153.43
7400.6,6289.86
7412.49,6416.67
7490.72,5688.04
7603.9,5320.58
7659.16,5416.73
7672.55,5237.37
7704.88,9080.27
7764.08,5505.33
8007.17,8712.48
8110.06,8637.25
8120.03,8776.7
8172.12,8730.77
8310.25,6845.27
8323.05,8684.13
8368.59,6729.77
8529.17,6821.62
9348.85,6453.11
9414.71,5971.16
9686.85,7019.56
9757.17,7039.08
9770.75,8413.57
9877.05,8472.51
9905.4,8384.57
9996.73,8456.31
10284.6,6824.84
10333.2,6804.39
11030.1,2023.21
1441.17,7867.31
1476.92,7853.07
4569.93,6432.83
4608.57,6409.96
4940.66,5315.6
5189.2,5611.4
5230.95,5564.38
5656.69,5075.31
5921.71,6738.26
5960.03,6778.52
5981.63,8068.25
6012.62,8161.97
6039.45,8105.4
6043.28,6846.9
7298.78,6363.43
7620.14,5283.32
7697.79,5349.82
8091.49,8734.49
8465.46,6903.81
8466.64,6865.54
9748.71,8420.91
9789.97,8439.47
9921.94,8323.9
10115.2,6906.2
10431.3,6721.71
10631.4,1330.97
10653.5,1239.34
10670.8,1169.78
2107.81,7564.14
4483.35,6462.66
4608.42,6475
4822.76,6416.86
5006.01,5325.23
5333.6,5444.04
5807.97,5095.24
5982.38,6853.1
5987.27,6918.84
6052.39,6713.37
6092.43,8113.61
7175.57,6234.14
7304.56,6498.05
7316.69,6221.93
7322.77,6547.1
7345.23,6249.27
7376.77,5825.29
7384.19,6560.83
7415.94,6038.02
7423.58,6487.27
7506.25,5715.02
7638.33,5162.05
7701.04,5271.3
7755.24,5473.68
8034.79,8883.22
8052.97,8732.8
8087.74,8832.96
8118.03,8581.02
8198.27,8756.97
8465.08,6970.09
9239.21,6397.08
9636.93,8175.47
9670.83,7046.73
9706.86,7007.34
9777.98,8492.89
9997.76,8427.64
10039.8,6907.37
10201.5,6833.29
10449,6794.57
10607.7,1328.93
10616.5,1470.63
10691,1193.64
10821.7,7512.67
11401,2446.74
4493.03,6485.33
4549.72,6570.17
4550.88,6409.94
4594.8,6509.04
4647.13,6356.35
4673.83,6508.68
4767.83,6493.54
4925.57,5238.24
5080.6,5417.67
5224.51,5621.6
5251.82,5502.77
5270.39,5553.67
5783.2,5154.53
5827.3,8121.64
5874.81,6749.14
5896.61,5160.1
5932.45,6831.55
5936.4,6958.11
5983.01,8018.04
6004.67,6789.53
6011.81,6873.8
6074.26,8235.68
6161.61,8180.72
6211.99,7944.68
6261.89,8372.12
6309.99,4366.18
7334.56,6312.99
7397.38,6580.95
7622.04,5371.04
7671.47,5205.25
7732.5,5493.92
8097.03,8804.42
8109.94,8661.63
8112.54,8838.53
8119.49,8701.64
8194.26,8720.19
8244.37,8716.61
8281.05,6865.51
8355.25,8636.88
8390.44,6860.68
8475.16,6821.27
8488.51,6917
8545.75,6619.72
8951.01,5363.5
9272.35,6418.31
9604.23,8169.66
9766.17,7003.96
9767.67,8463.21
9783.94,8376
9834.49,8396.22
9906.17,8435.06
9906.53,8362.73
9985.45,8378.59
10012.2,8488.58
10256.7,6805.94
11077.4,2448.32
11096.7,2121.35
1957.75,7319.8
4449.59,6510.88
4618.91,6461.81
4890.77,5185.08
4957.23,5433.27
5754.84,6671.33
5910.54,4234.38
5973.19,8128.94
5994.85,8045.84
6010.94,8035.79
6127.04,8294.59
6195.54,8173.66
6273.03,4114.44
7331.77,5806.09
7339.3,5815.77
7350.64,6223.54
7355.17,6212.27
7400.48,6498.14
7414.3,6399.24
7416.21,6560.42
7417.77,6387.61
7423.26,6570.33
7660.76,5363.43
7676.4,5678.06
7684.19,5668.59
7995.22,8770.06
8015.33,8678.96
8104,8598.23
8118.51,8814.42
8260.88,6849.06
8271.89,8644.79
8309.14,8652.12
8430.61,6917.67
8498.97,6838.39
8597.2,6965.57
9358.46,6478.3
9790.21,8402.24
9830.53,8427.42
9935.14,8383.61
10585.3,11119.2
10981.2,11264.5
11026.8,4433.25
11267.5,9525.34
11542.1,4669.63
11593.7,9617.19
1281.29,7389.74
1585.64,7281.94
1755.79,7360.1
1964.84,7045.92
3200.37,6789.36
3721.61,11808.8
4801.88,7638.61
5002.27,9933.92
6094.66,4122.45
6512.28,11261.1
886.576,5511.48
9281.06,10947.4
9556.46,10390.4
10570.7,11903.4
10581.7,11142
10878.5,4337.22
11105.8,797.124
11334.5,589.411
11441.3,4453.61
11502.4,9731.09
11557.6,4770.9
11589.2,9483.75
11600.4,4900.42
11661.4,9705.29
1168.38,7356.6
11852.2,4511.64
11984.4,4961.6
12416.9,6268.49
1341.06,9630.98
1427.68,9481.69
1513.35,9826.41
1522.94,7307.7
1697.94,9906.78
1876.72,7121.24
1924.76,7327.42
2972.24,6740.55
3195.37,4951.58
3230.14,2037.57
3330.65,6611.51
3615.75,11656.2
3815.12,11594
3948.47,8102.74
4817.8,10124.8
4954.61,7938.89
4982.25,7464.74
5055.7,9837.28
5835.53,4097.42
6226.47,4216.52
6240.49,10415.1
6248.56,10110.1
6294.03,10533
6475.64,11146.1
6494.47,11501.2
8439.25,12063.9
9102.07,4432.51
9143.04,10963.3
9274.3,11001
9340.47,10652.9
949.455,5413.02
10893.8,4309.88
10997.8,928.604
11297.9,679.236
11385.1,592.204
11486.3,9757.33
11583.2,4825.6
11713.2,4568.76
12035.7,4454.51
12038.4,5017.23
1216.49,7391.69
1319.77,9607.61
1375.8,7304.38
1757.35,9681.61
1992.7,6754.93
2122.3,7513.73
2885.5,6690.25
2956.19,6577.08
3181.99,2061.21
3236.75,2202.37
3265.18,5012.76
3344.25,6871
3420.93,12092.7
3523.41,11771.7
3909.26,8175.9
4910.36,7847.71
5066.24,9808.99
5180.31,9605.72
5856.3,4027.55
5968.12,4348.44
6275.83,10342.6
6431.52,10283.6
6550.15,10859.1
6658.67,11613.7
6871.92,11121.4
8418.58,11955.4
851.939,5543.48
9013.37,11193.7
9236.19,10974
9403.58,10561.9
9526.86,10916.7
9533.92,10697.8
1001.7,7241.32
10633.4,11013.9
10657.2,10976.7
10672.2,11187.6
10718.5,10958.9
10752.1,10835.4
10774.4,11056.5
10806.3,10794.5
10918.3,10978.5
11002.6,11108.9
11015,11259.9
11174.6,4394.33
11236.3,737.881
11284.6,4559.31
1134.83,7399.87
11350.5,9630.25
11353.1,613.137
11368,4425.47
1151.62,7282.8
11520.4,9738.42
11529.8,9648.06
11582.2,4671.78
11638.8,9505.59
11660.5,4902.67
11661.7,9678.28
11757.3,9557.61
12134.7,10633.6
1429.92,7406.37
1451.77,9478.33
1657.62,9896.34
1684.28,9693.24
1953.55,7202.27
1986.14,7061.1
2020.37,6756.77
2037.46,6813.14
2864.52,6728.26
302.305,11322.8
3208.38,4964.14
3261.15,2166.03
3266.09,6683.99
3310.98,6837.35
3326.16,2118.38
3380.58,12218.5
3397.09,12164.9
3479.77,11982
3616.92,11737.4
3720.31,11718.1
3814.76,11753.7
3816.26,11610.8
3858.8,11719
3940.43,8216.64
3954.08,7948.01
4006.09,7939.63
4132.09,7903.88
4765.32,10174.6
4842.44,7832.34
4957.83,7533.14
4958.86,7848.81
5029.2,9826.35
5110.71,10235.2
5111.4,9688.51
5196.31,9570.54
5833.35,3984.75
5876.27,4222.75
5959.14,4407.56
6015.99,4032.72
6096.85,4240.18
6206.05,3965.86
6266.72,4280.77
6299.6,10414.9
6388.21,11543
6398.85,4418.41
6472.02,11111.4
6517.37,11036.4
6601.17,10850.6
7051.41,3928.79
8427.71,11996.6
8817.69,6569.34
8854.78,6726.63
9108.84,4407.29
9438.13,11007.9
9481.57,10746.6
9727.32,8583.25
10414.5,11162.5
10511.8,11139.9
10612.6,11204.3
10647.5,10995.1
10700.1,11192
10706.5,10879.6
10734.9,10949.2
10882.1,10960.4
10898.2,11140.7
1113.93,7152.74
11157.2,755.556
11242.2,4333.76
11290,605.15
11357.7,572.641
11464.9,9703.16
11510.4,9768.59
11535.2,4710.35
11641.4,4867.92
11712.8,9563
12268,4545.58
12427.8,6242.83
1272.59,9486.48
1360.21,9599.67
1593.14,9732.42
1876.58,7074.04
1970.29,7418.23
1973.11,7248.58
2026.13,7090.67
2099.03,7476.66
2418.36,3819.03
2840.46,5310.29
2840.6,6762.58
2971.45,6774.1
3271.99,2123.95
3318.86,6871.59
3389.76,12195.5
3471.25,12010.4
3530.84,12343
3589.97,11717
3835.56,11650.2
3837.97,11732.7
3947.82,8004.61
3951.71,8194.86
4010.93,7962.26
4733.57,10147.4
4856.94,7430.69
4867.22,9968.9
4969.45,9747.63
5020.48,7671.98
5035.54,9802.24
5048.24,10041.4
5078.02,9721.02
5102.2,10208.5
5799.38,4258.04
5856.23,4048.56
5976.01,4012.44
5978.84,4139.74
6000.64,4290.95
6056.96,4102.44
6143.79,10246.1
6155.9,4058.7
6188.42,4207.01
6269.49,10452.3
6307.6,10337
6394.87,4486.39
6433.17,11119
6460.42,11017.3
6472.79,11547.7
6563.1,10879.8
7996.67,11706.9
8384,11954.9
8460.57,12033.8
8874.23,6675.86
9061.05,4459.56
916.136,5458.92
938.813,5552.85
9407.85,10537.3
10604.2,11011.4
1062.26,7181.96
10643.7,7066.5
10706.1,10932.9
11004.1,4224.85
11197.9,4377.88
11265.3,713.892
11378.4,4393.53
11407.5,9689.42
11585,4790.18
11684.1,9529.02
11780.3,4536.06
11929.9,466.8
11998,5046.15
1213.39,7361.15
12176.7,4594.23
1337.81,7657.38
1395.59,7306.99
1516.59,9740.46
1596.6,7436.99
1669.08,7335.44
1768.78,7468.28
1817.95,7240.68
1913.9,7405.72
2004.36,5908.95
3018.74,6803.99
3194.38,6906.05
3269.06,12394.7
3294.26,6856.22
4044.09,3319.31
4796.51,10085.2
4837.2,7531.96
4865.27,7745.74
4966.46,7498.43
5058.92,10072.9
5931.06,4024.72
6005.95,4140.14
6156,4196.57
6193.36,4075.9
6205.4,10091.4
6245.24,11898.2
6271.99,10474.3
6282.22,10373
6388.31,10266.8
6443.34,11213.9
6539.25,11505.4
8462.75,11744
8479.4,12005.5
8936.42,11227.4
9063.18,10812
9192.76,11013.9
9347.11,10748.4
935.397,5365.51
9366.18,10576.4
9403.96,10447.3
9483.78,10946.8
9606.42,10434.6
10830,10831.7
10840.1,4247.05
10929.7,941.865
11049.8,4452.81
11197.9,796.25
11288.2,4385.75
11334.8,8007.84
11438.3,9582.78
11449.8,4480.74
11635.2,9466.51
11674.4,9552.08
11704.2,374.684
12105.3,4515.94
1373.97,7397.39
1401.09,9747.43
1485.34,7298.72
1703.89,9739.97
1719.46,7389.64
1972.33,6920.71
2002.5,7421.96
2473.23,5646.01
3103.82,6878.3
3189.6,6739.64
3247.78,6821.15
3557,11667
3985.91,7940.44
4028.63,12059
4658.79,7672.95
4968.8,7873.1
5144.42,10053.5
6123.24,4056.22
6208.33,10397
6211.94,4141.65
6307.19,10082.6
6437.69,11433.5
8264.79,12175.7
8552.5,12049.8
857.239,5429.13
9313.75,10921.2
9465.69,10301.3
9758.63,11479.3
9792.47,10527.4
10943.7,4167.4
10993.4,4367.06
11403.2,602.207
11472.6,4512.02
11656.3,369.445
11711.5,4544.05
1302.38,7363.93
1503.32,7269.1
1579.2,9773.93
1833.1,7214.03
1845.2,7037.56
1944.59,7413.2
2502.9,5612.27
3218.98,6719.07
3430.6,1930.19
3518.02,12033.3
3880.66,11651
4232.98,8966.84
4752.87,7641.64
5084.51,10107.7
5127.86,9740.14
5660.67,4009.22
6117.6,4022.48
6280.35,4191.33
6298.45,10121.5
6502.91,9274.58
7647.02,12029.7
887.441,5441.66
891.903,5557.38
9190.07,10872.4
9340.81,10969
9469.82,10416.2
9593.94,10381.4
10529.5,11171.1
1054.57,7269.1
10704.7,6176.95
10729,10904
10768.7,11086.5
10881.3,11243.4
10894,4354.71
1103.46,5247.05
11296.6,4357.1
11307.3,4496.29
11538,9800.02
11592.1,4687.53
11604.2,4850.93
11715.9,403.815
11881.6,7387.79
12058.6,5041.29
12067.1,4458.91
12222,4711.31
1345.42,1713.35
1637.57,9800.31
1760.11,6938.1
1876.57,7433.65
1914.61,7284.56
1992.54,6787.5
1998.27,6876.29
2199.28,6761.89
2973.06,6563.05
3146.33,2069.04
3257.97,2042.5
3541.99,11995.8
3654.63,11869.4
3725.21,11762.6
3857.18,11612.5
4026.17,7985.81
4882.43,7461.69
5123.27,9558.61
5177.54,9696.56
5212.33,9603.83
5822,4027.88
6004.9,4339.35
6020.4,4246.13
6038.73,4081.16
6215.12,10354.3
6216.67,4266.02
6300.21,10470
6442.39,11197
668.641,4296.24
6681.26,11144.4
6823.71,4697.37
7244.11,12363.4
7987.32,11574.8
8450.53,12010.7
866.483,5530.32
8827.1,6651.47
8959.35,4429.46
938.633,5425.92
9396.5,10620.9
9528.08,11771
9685.07,10295.4
10604.5,11046.4
10743.4,10885.9
10779.8,10816.1
10902.3,10938.6
10910,11201.7
10927.4,11003.9
10982,4203.36
10989.8,4410.71
11022.2,4328.49
11119.1,4418.63
11179.7,4308.31
11263.5,11483.7
11340.2,673.634
11417.7,4495.97
11451.6,9724.28
11617.7,426.202
11629.4,4820.39
11631.3,9532.69
11892.5,7341.02
11956.6,5049.98
12072.5,4497.38
1221.37,7226.26
1318.56,9591.07
1344.84,7304.39
1388.87,7614.7
1423.94,9639.34
1574.1,7317.26
1628.93,9744.41
1842.56,7067.32
1898.99,7255.74
2011.29,6903.79
2031.11,7425.06
2866.54,5013.25
2886.71,6738.95
2933.24,6601.34
3109.47,11358.3
3114.48,2036.36
3135.37,6869.7
3224.79,2174.23
3259.46,6847.34
3304.59,6680.22
3499.53,11985.2
3623.77,11754.2
3947.37,8445.47
4023.53,8012.85
4760.79,10125.6
4912.07,7487.19
4915.52,9793.89
4919.49,7816.8
5195.32,9634.8
5879.4,4012.37
6034.63,4217.81
6151.11,4284.26
6170.39,4027.28
6275.58,10416.1
6301.77,4224.55
6364.39,10274.6
6435.61,11095.3
6486.42,11228.7
6571.27,10827.8
6657.76,11220.3
6685.47,10552
6758.87,11128.7
8386.05,11981.8
8412.14,11761.3
8994.34,12590.5
9147.96,4392.22
9148.53,10808.2
9213.15,10999.5
9304.53,10603.6
9464.56,10992
9574.27,10679.2
9615.51,10396.4
967.706,5646.13
9765.11,12267.5
1034.11,5597.38
1050.43,5756.02
10555.7,11166.4
10780.6,10740.1
10801,10888.4
10846,11146.8
10909.4,11107.5
10975.6,4192.95
10993.5,11281.2
11267.9,740.974
1133.73,7141.77
11372.6,638.397
11399.3,9554.15
11473.2,9715.21
11478.1,9505.75
11493.3,1233.19
11493.8,9626.49
1155.82,7397.34
11560.9,9811.07
11580.8,455.236
11599,9549.14
11657.4,9522.83
11940.6,7345.8
12156.4,913.597
1240.07,7401.78
12441.8,11927.6
1383.37,9642.74
1678.04,3458.02
1694.7,7386.09
1799.1,7262.65
1913.21,7044.83
1922.27,6961.8
1937.25,7225.1
1983.11,6812.51
2009.06,7047.27
2013.78,7486.1
2079.4,7458.82
2900.41,6708.76
3329.31,2091.19
3367.63,12209.6
3479.94,11610.9
3849.18,11674.3
3864.35,11733.6
3922.6,11743
3943.52,7982.53
3962.72,8154.96
4786.04,10148.6
4845.88,10005.8
4872.41,7803.23
5093.41,10237.3
5127.77,10086.2
5773.88,11602.5
5872.02,4101.79
5937.95,4364.93
6006.16,4069.53
6190.16,4003.65
6247.3,4250.94
6312.19,10308
6417.12,11494.8
6467.28,11055.4
6585.16,10869.6
6619.6,11169.9
6728.67,11126.3
7083.06,3912.41
8546.78,12020.5
8790.09,6579.09
9157.68,371.882
9178.16,4389.41
936.222,5441.96
9366.08,10535.7
9567.07,10713.4
9661.68,8462.24
10250.7,514.886
10567.3,11055.6
10653.2,11230.4
1078.25,7162.14
11005.7,11242.2
11008.3,4181.09
11033.6,4245.37
11142.6,4406.31
11273.8,4486.32
11340.3,9551.56
11431.3,4532.77
11500.6,9687.42
11605.5,4763.34
11646.5,416.903
11666.2,9567.2
1180.65,7260.48
11904.3,5311.16
11904.6,7367.23
11982.5,5025.81
1207.55,9530.29
12119.3,8596.26
12191.3,4513.08
1263.63,7324.76
1384.73,9794.16
1447.15,9583
1541.72,7311.48
1628.55,7335.18
1699.3,9778.8
1749.66,7283.16
1880.96,7392.3
1943.96,7063.05
2011.13,6930.8
2142.46,7501.9
2417.54,7466.34
2901.55,12265.4
2993.25,6610.1
3058.51,6868.52
3199.21,2119.12
3481.58,12311.9
3551.06,11741.5
3632.98,11833.5
3741.67,11746.2
3900.61,7937.57
4014.51,8037.59
4906.78,9765.74
4925.15,7503.84
4946.31,7913.07
5007.01,9878.04
5101.69,10042.8
5881.94,4069.25
5988.1,4314.36
6028.7,4144.57
6103.68,4069.01
6202.67,4056.17
6219.1,10115.2
6248.13,10395
6254.05,4169.42
6346.37,10258
6374.09,11432
6643.8,11113
7084.11,3965.49
8555.14,12072.7
8805.13,6610.42
8931.75,11267.1
895.877,5402.21
9097.52,4452.86
9143.66,10928.9
920.478,5532.36
9335.42,11027.4
9357.71,10612.5
940.817,9544.89
9416.68,10413
9641.6,10432.3
995.847,5649.21
1014.72,5291.65
1026.3,7211.19
10377.6,11031.3
10719.9,10825.6
10739.9,11208
10783.2,11108.5
11283.3,4517.31
11310.2,703.62
11546.3,9504.14
11682.3,436.277
11860,7361.66
1218.48,7262.02
12200.8,8583.34
2110.85,2352.09
3248.74,2115.41
3292.99,2043.67
3674.13,11851.3
3751.53,11784.9
3951.75,7873.45
4889.17,7779.11
4936.07,9836.47
5205.49,9552.86
5955.56,4212.14
6297.36,4256.37
6423.79,11357
6582.12,11275.2
6671.1,11167.9
829.743,5428.41
8855.84,6704.37
10187.1,6903.66
10342.9,6942.46
10473.7,6856.98
10652.6,1342.74
11008,2118.26
11071.6,2382.07
11367.2,942.595
12334.6,10878.8
1763.41,6497.79
2036.31,7494.56
2428.88,1415.1
3995.06,8130.24
4576.55,6576.38
4642.81,6267.12
4800.06,6333.84
5079.32,5793.86
5238.95,5330.01
5351.9,5468.34
5455.31,5758.83
5765.12,6455.42
5780.48,3920.05
5883.4,4341.17
5922.47,5168.69
5942.15,6871.79
5958.03,8038.48
5961.11,6812.92
6051.68,6690.58
6079.6,5345.61
6087.63,8191.7
6142.76,8309.52
6182.12,8212.59
7182.21,6260.48
7330.34,6580.03
7332.1,5848.45
7381.34,6415.59
7414.77,6326.6
7423.13,6526
7589.03,5112.41
7657.96,5770.19
7670.42,3577.17
8062.17,8900.34
8188.81,8389.1
8210.54,8639.13
8434.29,6961.42
8572.79,6753.72
8882.55,6747.58
9402.35,10923.6
9706.93,8469.47
9734.07,7043.45
9937.82,6960.4
10627,11174.8
10777.2,12573.1
10816.4,975.549
10822.4,11142.6
11092.3,4349.85
11111.4,4233.22
11122.2,1183.76
11202.9,9493.17
11286.3,636.833
11559.5,4595.37
11603.7,9566.23
11853.9,7395.98
1308.25,7301.27
1322.14,7389.44
1404.22,7643.34
1450.82,9799.47
1543.8,7279.39
1672.81,9772.23
1757.98,7489.38
1843.62,7192.42
2943.15,6959.73
3126.1,6839.78
3615.01,11802.9
4291.21,8934.67
4779.75,7654.74
4984.45,10015.8
5907.55,4035.26
6186.34,4172.91
6239.33,10185.9
6406.37,11414.1
6998.08,11850.9
8402.9,12040.8
9513.89,10376.9
10993.8,11203.7
11080.3,4296.94
11261.6,7904.92
11569.7,9608.7
1445.7,9714.71
1549.37,7410.51
1683.27,7423.32
1834.07,7291.37
3141.64,6798.38
3430.11,12207.5
3702.11,11778.9
4082.44,7942.05
4193.6,9015.69
5036.83,9947.64
5925.51,4059.83
6012.25,4971.32
6134.35,4159.59
6556.62,11254
9253.75,10906.2
9346.99,10845.6
10858.6,11078.1
11064.5,4324.63
11148.3,11503
11515,4538.27
11586.7,9582.69
1388.27,9506.1
1484.02,9728.86
1732.2,7318.72
1732.36,7452.04
1964.6,6975.99
2098.38,9466.58
3169.23,6763.72
3433.75,12248
3770.01,11719.8
4025.52,7916.37
4963.78,9956.88
5957.81,4042.22
6087.49,4195.35
6450.61,11266.9
6523.94,11351.4
9239.35,10867.7
9458.89,10347.4
9696.93,10559.8
10878.3,959.826
11053.9,4357.93
11124.7,4279.08
11416.6,9095.98
11434.5,477.236
11546.2,4571.2
11590.9,9659.71
11674.5,396.226
12061.7,915.89
1232.3,8074.97
1284.82,7410.67
1483.12,9772.45
1627.85,7294.18
1681.16,7458.74
1862.9,7322.39
1935.91,7013.78
2967.38,6599.18
2984.24,1146.9
3113.06,6810.24
3184.8,6809.53
3687.12,11687.2
4742.05,7605.59
4938.37,7878.17
5174.73,3636.31
5228.09,10339.3
5978.99,4059.89
6100.98,4172.11
6232.12,4012.93
6292.79,10165.7
6455.4,11310.1
7550.45,2586.36
8076.89,11153.3
821.69,5454.44
9293.76,10890.6
9488.19,10380
9730.66,7185.18
10405.1,11101.5
10766.9,10860.7
10805.8,11191.4
10848.5,971.066
10887,11051
11145.4,4290.85
11359.2,9602.24
11426.6,9727.25
11455.7,9539.35
11570.3,9654.3
11655.5,9590.34
11687.6,359.511
1416.52,9686.45
1601.83,7341.59
1615.04,9774.01
1617.03,7443.29
1782.98,7364.42
1803.01,7479.83
1898.38,7318.87
2000.82,6842.99
3001.2,6588.51
3088.22,6846.54
3448.84,12284.6
3566.96,11984.8
3603.28,11854
3853.75,11585.5
3954.35,8174.83
4063.2,8003.94
4822.47,7574.22
4991.1,9983.16
5003.73,7446.65
5114.06,10063.3
5142.85,9704.78
5287.57,9789.57
5339.8,3765.09
5906,4005.2
6058.16,4238.01
6192.31,4109.31
6214,4038.91
6236.03,10152.8
6396.61,11434.6
6844.2,11136.8
8511.45,12033.3
9118.28,10916.4
9319.36,10998.6
9396.98,10838.1
9496.73,10270.2
10677.8,10956
10960.8,1786.33
11080.7,4368.97
11137.7,9541.26
11325.6,642.846
11468,4607.12
11745.9,9479.31
11842.4,4846.82
1335.68,9513.04
1556.61,9764.29
1814.95,7004.88
2477.3,7492.44
3818.26,11700.7
4074.71,7865.83
4704.16,3096.6
4932.6,9906.87
5840.56,3878.33
6472.59,11407.2
6739.04,3760.02
7426.48,5363.66
9135.12,4429.92
9290.69,11431.5
9402.31,10592.8
9583.77,10408.6
10862,11048.7
10957.3,11170.5
11054.5,4230.71
11234.9,9560.4
11560.8,4628.42
11621,9645.28
1593.18,7407.44
1647.2,7450.69
1690.22,7311.45
1855.06,7383.2
1999.29,6979.02
3234.19,6765.04
3807.71,11827.2
4774.66,7611.15
6051.73,4160.38
6147.05,4094.86
6166.46,4160.27
6280.28,10218.2
9319.67,10810.6
9439.02,10387.2
9565.27,10327.5
10807.5,11074.5
10852,11105.2
11016.5,4393.39
11209.5,9544.25
11261.9,9573.91
11639.7,9615.58
1639.38,7267.61
1647.48,7414.51
1702.1,7448.54
1827.86,7376.03
1893.74,7354.5
1997.79,7014.01
3053.62,6786.08
3177.31,12076.4
3672.42,11780.9
4061.95,7960.6
5041.14,9981.12
6126.26,4113.03
6531.19,11289.5
9247.17,10841.3
9349.52,10810.3
9569,10299
9570,10356.3
3323.31,2062.98
9053.5,4423.49
10551.1,10862.4
10887,9026.17
11474.7,7131.99
11804.8,7504.41
1258.36,7522.36
1440.79,7664.43
1667.47,7609.04
2137.03,9437.54
3090.14,12018.9
3821.99,11838.7
4833.7,869.643
4910.9,7579.47
4918.72,5405.13
5156.34,10353.6
6279.33,11255.9
6369.54,10535.3
6414.85,4858.21
6415.63,11059
7325.29,2648.05
7361.96,2783.55
9531.56,10974.9
10498.4,10990
10663.9,1197.13
10701.5,6990.02
10723.5,11186.4
10746.5,10804.9
10787.7,11202.1
11430.3,9654.29
11470.1,9798.81
11531.8,9467.8
11534.5,444.886
11686.2,9460.15
2119.61,9471.48
3088.18,11973.5
3220.65,12042.8
3502.58,6539.57
3704.03,8618.98
4034.18,8076.3
5072.19,10601.1
5151.53,10523.8
5217.56,10412
5774.29,3547.22
6103.13,4324.29
6453.86,4632.93
6516.27,3734.3
8141.56,7774.46
11073.2,9000.46
1242.17,8926.95
7357.22,2750.06
7671.41,2688.84
4020.48,10302.6
7887.36,9658.77
10545.7,11116.6
11468.1,4556.86
1473.42,7390.56
5953.23,4130.7
9298.92,10851.2
10964.3,9137.13
11507.2,7158.19
3968.58,10117
5165.4,2193.22
7364.63,2874.93
7680.88,2740.59
8182.21,10680.2
9238.51,11109.2
986.145,7243.93
10994,8992
11276.7,9428.52
11307.9,4219.02
11527.4,7086.5
11546.1,421.665
1820.99,7698.1
1827.31,7317.22
2578.45,5507.82
4957.51,2100.38
5647.14,3792.8
6382.47,4738.26
7356.95,2712.09
7653.39,5950.54
9119.81,6656.86
4918.14,2199.53
4976.08,2192.17
4981.98,2182.8
7399.19,2634.26
7641.31,2328.17
11028,8993.59
1227.78,8975.92
1669.58,7566.47
7453.25,2548.63
9107.02,6621.65
1641.95,7487.96
10070.5,8670.78
10672.8,11048.6
10901.7,9003.48
1566.25,7487.1
1886.39,7687.79
1889.59,7576.71
8556.84,11836.5
1432.37,7513.16
1660.56,3711.63
2062.91,7719.58
5198.76,5685.34
9616.38,10801.7
9543.96,10765.4
9621,10783.2
9841.63,8598.63
4110.44,10225.7
4075.3,10190.2
11451.5,10168.3
3488.46,6555.22
3520.79,6575.8
11226.6,11198.8
3526.24,6554.96
11248,9375.44
1311.24,7188.15
2291.15,10741.5
3474.44,6548.42
3499.1,6575.48
3513.24,6538.74
6929.46,3805.91
3517.94,6580.51
10347.5,11033.2
10521.8,11058.8
10616,6912.55
10674.6,11204.8
10676.6,10911.6
1070.5,7271.51
10745.7,11088.8
10786.5,10788.2
10787.6,8506.43
10788.2,11142.4
10798.8,12587
10800.2,10873.9
10889.8,11216.2
1090.43,7177.65
10900,11129.4
10932.5,10960.3
10944.7,4382.01
11007.1,928.222
11030.5,4172.97
11082.7,11209
11103.8,11380.6
11115.1,4432.26
11120.4,1198.22
11123,4227.29
11147.8,11676.1
11148.9,717.175
11176.6,9571.67
11282.6,4580.45
11309.4,670.511
11321.6,10470.5
11347.6,4411.51
11393.3,9743.36
11418.8,634.011
11439,9786.86
11479.4,4489.18
11493.7,9768.05
11498.2,9707.87
11535.7,9756.6
1154.21,5609.95
11557.9,475.102
11558.9,9830.25
11566,4509.67
11579.9,4764.92
11616.1,9751.99
11622.7,4902.29
11629.2,279.447
11631.6,9848.6
11658.8,441.289
11677.4,9600.64
11677.9,9413.67
11692.9,9676.35
11710.5,9512.75
11733.9,4578.8
1178.14,7307.24
11932.2,7372.31
11973.5,4943.2
12050.6,5023.5
12198.7,4748.47
12256.5,4508.2
1229.49,7388.05
1243.54,8235.24
1284.39,9512.69
1291.21,9426.28
1292.73,7488.37
1334.07,7193.07
1337.29,9532.58
1353.98,7692.02
1368.71,9744.43
1412.07,7284.9
1455.55,7438.15
1528.66,7687.95
1537.3,9802.64
1538.94,9766.83
1557.2,9522.25
1610.29,7401.65
1639.68,9589.77
1648.13,9772.66
1653.84,9734.66
1687.08,7338.13
1691.97,7409.04
1720.26,9730.18
1775.94,7374.19
1784.43,7475.11
1853.41,7182.19
1866.92,7431.57
1870.66,7394.07
1900.96,7397.19
1906.5,6975.51
1915.29,7301.2
1931.23,6154.03
1937.5,7168.59
1937.9,7027.76
1947.16,7427.19
1957.16,7257.08
1964.63,6836.08
1989.24,7474.77
2064.81,9365.09
2080.49,2349.83
2142.01,7509.56
2198.02,6601.79
2305.32,10746.1
2400.4,5869.58
2490.38,5631.18
2632.66,7472.05
2655.24,7255.8
2881.15,6763.43
2940.62,12011.2
2942.89,6598.25
3010.83,6921.44
3141.67,6876.32
3175.48,12376
3217.16,2183.97
3224.32,4967.61
3240.7,6840.35
3278.2,2140.38
3371.04,12167.1
3453.2,9004.71
3461.68,11970.6
3516.89,12157.9
3531.55,12220.4
3581.81,12027.4
3586.37,11795.1
3647.63,8897.28
3647.9,11940.9
3648.74,11719.7
3674,11878.8
3719.77,11742.9
3725.61,11954.9
3794.79,11695
3805.65,8406.77
3805.92,11627.3
3837.33,11766.5
3847.71,11687.4
3862.69,11746.7
3864.7,8446.84
3898.77,11583.6
3927.19,7936.78
3951.72,7806.54
4009.17,8014.49
4247.47,8895.48
4346.56,10468.8
450.668,6370.42
4762.48,10253.3
4783.58,7940.44
4839.4,10162.4
4868.38,7441.17
4898.29,10025.9
4928.44,7809.1
4944.68,7491.02
4947.92,9918.66
4986.62,10028.7
5000.73,9861.76
5081.33,7322.03
5087.31,9772.71
5104.04,9673.75
5153.04,10020.3
5187.81,5672.08
5188.49,9738.17
5191.8,3601.84
5195.28,9517.58
5261.56,9981.42
5264.53,9645.19
5397.6,11437.3
5854.73,4011.88
5903.83,4317.7
5909.8,3966.5
5926.98,5109.36
5986.87,4069.69
6006.15,4315.4
6035.68,4052.23
6087.68,3908.22
6096.5,3980.65
6127.55,4173.05
6144.36,4384.53
6154.09,10114.5
6200.75,4186.32
6204.21,10291
6206.83,10486.2
6214.05,4086.62
6214.36,4287.31
6245.84,10875.5
6263.94,11127.8
6275.43,10442.2
6280.09,10065.4
6283.51,10246.3
6289.4,4141.84
6373.28,11567
6378.36,10253.8
6379.73,4192.93
6385.57,10319.3
6389.83,11083.2
6399.96,11378.1
6414.22,11180
6467.29,11378.3
6486.7,11093.6
6500.73,3496.8
6517.42,11240
6543.01,10816.6
6666.17,11639.2
6697.53,4203.43
6723.97,11141.9
6728.76,3748.66
6813.79,4684.45
696.539,6578.08
7087.81,3930.2
7420.48,5351.88
760.949,5527.82
7667.54,11493.6
8005.22,11671.6
8297.6,11969.5
8351.59,11929.5
8438.83,11987.7
8473.36,12076.5
8526.11,12054.2
8584.21,6740.81
8951.37,11221.3
9040.07,4459.1
9118.89,4392.84
9120.09,10790.1
9199.7,4408.83
9221.69,10468.5
9371.71,10746.3
9475.05,10931.7
948.472,5465.98
9503.87,10746.2
952.962,5634.72
9549.74,10697.8
9585.46,10693
9780.66,10488.4
10581.8,11081.5
10588.8,11904.5
10628.5,10977.5
10662.2,10817.6
10737.3,10989.1
10763.5,11143.3
10772.9,10783.5
1078.71,5363.19
10781.6,12556.2
10825.1,10880.3
10833.7,994.1
1085.42,7239.75
1087.13,9549.79
10875.3,10482.8
10903.7,4275.17
10906.4,10903.6
10944.8,2146.7
10947.7,4138.02
11005.8,4296.23
11061.9,4391.63
11137.9,9567.56
11141.7,11675.1
11175.4,11520.4
11234.7,7888.5
11248.9,9488.04
11260.1,4506.74
1127.18,7114.34
11318.9,9601.61
11319.8,622.56
11323.9,9508.56
11344.4,10047
11348.3,9532.66
11360.2,647.642
11439.1,9730.48
11442.2,4512
11452.1,4460.31
11467.4,548.194
11474.8,1247.06
11487.4,9719.06
11488.6,9919.84
11507.7,9616.98
11568.4,4825.01
11598.4,4658.77
11602.8,9829.17
11623.3,395.966
11642.7,9723.75
11660.4,346.345
11690.2,7307.04
11702.8,9578.68
11733.5,9417.88
11758.2,9573.02
11759,9457.48
11837.9,7374.67
11905.6,4499.06
11938.5,5303.77
1194.45,7368.52
11973.5,5045.87
12014.4,4824.5
1220.01,8090.28
1225.19,7707.4
12280,4574.19
1254.73,7365.82
1288.68,9581.51
1303.8,7228.95
1321.51,7965.59
1371.73,9798.99
1423.92,7639.1
1426.1,7045.91
1459.87,9845.47
1562.51,9844.98
1573.23,7418.69
1574.06,10368.3
1622.52,9889.49
1670.08,3425.02
1760.29,9528.49
1767.06,9746.62
1782.64,7181.41
1789.63,7473.14
1831.36,7250.69
1838.52,7053.12
1883.01,7260.91
1903.51,6933.58
1914.9,7446.2
1946.85,7308.57
1947.99,9477.73
1967.29,7064.58
2020.11,6952.24
2022.13,6788.86
2213.33,6773.56
2225.22,6215.57
2547.51,7370.01
2642.92,5343.24
2777.84,6726.62
2902.23,6603.67
2977.6,6786.74
2980.22,6918.35
3026.25,1158.94
3091.56,6757.39
3168.54,6743.94
3190.87,2135.61
3213.87,2049.81
3253.41,5023.32
3277.56,6849.61
3291.55,12104.9
3293.39,6663.92
3339.82,12212.2
3470.79,11835
3492.35,12179.4
3516.12,11625.8
3543.66,11715.3
3568.99,12322.4
3617.22,12005.6
3671.87,6362.26
3711.99,11871.2
3724.7,11738.5
3785.56,11989.3
3879.17,7989.5
3888.77,11747.3
3914.55,11544.8
3924.58,8079.92
3958.94,7850.79
4083.8,7985.24
4171.57,7854.86
4193.33,10296.2
4353.65,8852.65
4703.46,10121.9
4804.4,7573.21
4831.4,10002.1
4842.4,7976.12
4854.08,9345.93
4900.62,9720.38
4907.94,7811.98
4934.55,10085.6
4980.5,9890.85
4988.33,7453.35
5028.15,7732.29
5068.16,9795.38
5094.97,10141.6
5153.45,3588.38
5168.62,9574.72
5227.82,9741.26
5236.55,9659.84
5312.18,3751.51
5639.68,3964.25
5781.91,11627.5
5840.01,4047.5
5890.71,4236.13
5900.02,5792.08
5947.46,4010.3
5962.84,4325.79
5987.85,4389.12
6059.75,4999.8
6105.58,10383.7
6175.19,10285.8
6201.17,4259.95
6230.22,10086.3
6244.89,4053.8
6252.41,4311.93
6257.98,10501.1
6258.42,10383.4
6269.01,10234.8
6318.94,4199.88
6327.9,6841.49
6369.92,10185.3
6372.37,11301.4
6380.5,11101.1
6397.65,10537.2
6411.2,11235.3
6432.1,11386
6484.29,11429.5
6496.03,11015.3
6497.52,11142
6540.98,9230.5
6572.75,10850.4
6662.59,11102.7
6675.11,11210.6
6719.15,11171.1
6963.96,11242
7024.35,3932.24
7811.23,11447.3
7890.43,1894.67
8009.75,11583.5
8089.82,11170
8099.96,8692.91
8225.63,11741.4
8406.01,12008.8
8425.16,11940.4
8436.34,11772.2
8488.82,12060
8782.85,6553.51
8784.89,6742
9015.18,11130.5
9037.33,6618.54
9049.09,10750.7
907.227,5520.9
9081.54,4373.15
9095.26,4417.68
9136.9,10417.4
9145.13,4419.76
923.002,5545.07
9304.09,11416.8
9389.87,10650.6
940.457,5346.4
9424.78,10835.5
9436.08,10607.5
9440.02,10329.8
9555.13,10917
9571.92,10255.4
9787.02,7235.78
1051.21,5227.1
10549.4,10992
10588.5,10983.5
1067.55,7163.64
10704.8,6934.31
10722.1,10879
10734.7,6878.29
10763.9,10830.3
10857.5,11173.6
10868.9,12553.5
10889.3,4385.84
10893.2,4322.78
10912.9,943.372
10960,4214.93
11014.6,4343.3
11051.2,11849.2
11062.7,11255.4
11063.2,8421.67
11101.5,4360.44
11105.2,4412.29
1111.27,7139.32
11148.2,4253.39
11149.4,7406.09
11159.4,4424.92
11161.9,11488.4
1117.98,12010.2
11187.8,4340.91
11240.3,705.336
11274.8,11478.5
11308.9,9529.43
11309.6,718.122
11314.6,664.815
11344.9,10052.2
11345.9,579.697
1136.53,8819.77
11400.2,4372.53
11404.5,4461.38
11424.3,9754.14
11457,9791.78
11463.9,4486.72
11471.5,5034.66
11488.5,9666.43
11526.2,9816.03
11564.7,9556.85
11642.6,4883.02
11672.8,9476.04
11681.6,9637.72
11772.8,7709.97
11873.4,9180.72
11918.1,7404.35
11972.1,4970.62
1201.31,7457.37
12077,5044.32
12097.2,998.385
1213.29,7309.09
12200,4542.92
1262.84,7172.47
1339.25,9654.48
1381.99,8112.43
1445.1,2749.72
1452.31,9534.93
1470.6,7324.66
1622.08,7165.22
1636.7,7434.23
1658.17,7402.79
1665.44,9886.79
1704.63,7391.76
1769.56,9615.29
1844.52,7396.11
1851.55,7215.29
1903.24,7305.94
1906.35,7484.84
1913.63,7353.48
1918.18,7031.89
1919.64,7243.33
1921.79,7414.53
1968.91,6887.91
1986,7258.19
2004.38,7479.57
2021.43,6984.95
2079.07,7471.46
2110.56,7494.38
2137.44,7518.35
2256.02,6502.6
2599.91,5686.04
2676.92,5422.53
2858.49,6744.67
3002.69,6649.89
3046.11,6857.92
3069.89,6951.32
3125.33,6851.29
3186.69,2071.84
3192.62,4964.32
3236.83,2109.48
3273.59,6704.07
3302.8,6818.57
3335.11,6885.53
3454.54,12229.1
3456.43,12105.5
3463.77,11982.1
3556,11814.2
3568.33,11655.4
3644.58,11698.3
3660.27,12097.1
3671.11,12434
3775.54,11638.1
3815.9,11644.2
3961.11,8211.32
4000.89,7967.79
4013.94,7886.8
4068.01,10150.9
4093.22,7954.16
4133.97,7931.26
4178.73,9031.21
4261.44,8951.22
4633.44,6295.24
4680.06,3106.27
4753.75,9463.14
4847.21,10111.5
4866.91,7863.79
4873.54,7763.45
4885.25,7490.11
4946.86,10020.5
4949.58,7829.82
4951.79,7558.47
4951.98,9793.2
5031.7,7446.34
5066.69,9848.2
5066.87,9683.47
5197.82,3643.65
5253.47,9645.27
559.956,1129.32
5839.08,3997.98
5870.13,4124.5
5899.38,4296.6
5916.54,4014.78
5960.12,4362.24
6006.24,4056.41
6015.2,4353.51
6027.6,4020.62
6033.91,10330
6068.22,10167.1
6143.23,4036.59
6145.1,4180.41
6159.89,4298.79
6200.42,10111.9
6208.93,10173.1
6214.89,4066.28
6246.21,4151.93
6248.77,4236.75
6253.98,10527
6259.58,10348.4
6262.91,4032.43
6287.01,4242.63
6300.95,10390.3
6303.25,11194
6334.62,10270.4
6350.84,11379.8
6406.34,4449.17
6409.13,11533.4
6447.08,11455.7
6469.04,11171.6
6501.76,11043.1
6524.27,11100.9
6529.37,10783.4
6589.71,11560.3
6593.18,11324
6595.28,10893.8
6602.02,11190.6
6689.61,11599.9
6727.47,11230.9
676.293,4324.19
7067.84,3907.8
7616.36,11504.2
7726.74,11931.1
8012.18,11742.4
814.575,5520.87
822.323,5598.49
8306.28,11818.4
8418.39,11731.6
8466.57,12047.9
8498.85,11993.1
8597.33,7460.9
8714.38,6624.73
876.886,5393.02
8874.38,6726.24
9052.02,11174.6
908.085,5604.86
9082.76,4412.56
9101.74,10861.5
9120.26,10937.7
9121.78,4432.73
9251.55,10996
9258.91,10818.4
9281.59,10369.8
9335.35,10940.9
9378.11,10461.6
9413.66,10520.7
948.068,5457.99
9511.33,10562.3
9529.88,10734.6
9547.43,10859.8
9597.66,10682.5
9624.92,10371
9735.58,11434.5
1049.27,7198.02
10539.8,11528.2
10631,7061.77
10671.2,12450.4
10674.4,7044.4
10986.3,6933.52
11029.1,4360.25
11044.2,4253.38
11112.5,11435.2
11186.3,4250.94
11396.3,609.295
11487.1,10172.6
1150.55,7420.14
11526.5,9718.13
11923.6,7335.8
11979.5,9228.81
12185,8600.14
1223.35,6996.81
1252.72,8066.65
1268.9,9539.25
1311.12,9707.57
1365.25,8109.55
1435.08,7330.24
1439.85,7185.53
1471.02,9712.99
1553.1,9806.11
1605.97,7428.79
1615.09,7342.38
1728.82,9769.84
1743.26,7359.53
1784.97,9675.33
1840.97,7389.97
1956.87,7188.67
1965.44,7284.15
1966.95,6173.02
2021.13,6919.54
2028.29,7068.94
2081.33,7472.35
2490.94,5564.17
2859.31,5001.84
3267.86,12092.3
3326.06,6626.58
3382.19,11550.3
3389.07,11747
3505.11,12313.9
3554.6,12101.8
3621.8,11819.4
3638.17,11764.8
3664.09,11206
3720.84,11702.7
3755.43,12338.6
3890.6,8166.79
3957.05,11599
3989.47,7837.99
4004.28,7981.04
4048.55,3342.49
4059.39,12047.6
4188.91,8943.62
4275.36,10368.8
4674.01,3058.44
4789,10063.4
4803.54,10190.2
4857.12,7912.24
4952.49,9856.69
5084.05,10085.3
5097.39,10280.1
5154.53,9622.48
5360.51,9480.04
5697.85,11673.4
577.287,4536.07
5782.98,4233.59
5936.76,4289.72
595.341,8013.6
6154.11,10454
6201.58,4089.81
6202.3,4211.18
6252.04,4153.32
6252.43,11923.5
6272.72,10536.7
6408.53,4504.63
6673.61,10548.3
6690.3,11323.6
8890.71,11137.2
8929.41,11496.6
9196.46,10964.3
9393.85,10426.4
9422.95,10995
949.643,5490.73
9535.66,6436.72
9547.69,10252.5
9602.97,10355.4
9606.06,10357.3
9641.99,10466.3
966.564,5430.92
9735.32,7210.71
1004.77,7212.59
10144.9,11750.8
10334.3,11234.7
1048.42,5460.76
10508.3,3108.91
10653.2,10830.9
10691.9,6921.3
10766.7,10764.2
10772.2,11183
10776.6,11146.7
10790.7,12585.6
10835.7,11191.1
10848.7,6863.29
10869.8,10862.6
10975.7,4409.22
10980.3,10951.7
10985.2,9235.24
11010.6,4259.02
11011.1,11806.8
11019.2,6328.15
11026.9,4305.89
11098.3,4365.53
11150.2,1186.96
11192.3,11437.3
11226.4,4328.3
11227.5,9335.8
11311.8,7892.92
11387.4,9669.35
11411.6,4435.59
11458.9,9567.26
11474.3,4630.36
11483.2,10164.7
11498.2,9506.41
11517.3,9856.96
1152.53,7370.18
11622.7,4581.44
11642.5,9838.49
11647.5,4836.71
11682.6,8706.3
1172.22,8976.74
11738.8,10916.4
11769.5,4506.15
11846.7,4839.38
11877,7341.57
12040.6,5045.03
12070.9,7752.7
12082.7,956.303
1209.46,7416.53
12091.4,4475.36
12158.5,8567.93
1218.52,9037.44
1223.83,7823.13
1224.13,9420.47
12402.2,9844.19
1295.55,8076.65
1356.62,9745.13
1362.76,7636.76
1381.08,7275.02
1421.16,7124.87
1423.03,7700.63
1454.43,9568.55
1503.05,9530.3
1667.88,9847.36
1692.56,7186.36
1729.92,7282.82
1823.33,9821.48
1860.96,7340
1978.78,7228.62
2003.13,9389.36
2038.73,7209.78
2154.81,6221.2
2442.06,5636.7
2743.64,6727.33
2912.79,11695.9
2921.42,6953.75
2998.83,6742.36
3000.2,1116.33
3020.6,6592.69
3058.95,7037.36
3085.54,6877.49
3265.55,12518.2
3294.49,9716.18
3312.07,6888.68
3339.81,2103.78
3345.66,6845.92
3351.35,12190.5
3359.78,12040.2
3411.96,11964.2
3508.64,7369.28
3523.46,11957.1
3540.98,12256.6
3570.36,11822.9
3612.29,12063.2
3706.63,11894.7
3745.86,11656.9
3842.35,7841.63
3843.4,11784.1
3902.36,11751.5
3924.39,11597.3
3945.46,8136.51
4027.06,3030.8
4108.81,11431.7
4112.43,7876.64
4217.57,8997.53
4645.96,7655.67
4661.07,10121.3
4690.5,3070.7
4766.86,9842.72
4897.7,7844.93
4901.91,7910.28
4910.39,5436.49
4914.92,7529.31
4923.53,10019.1
4960.52,7333.28
4976.57,7935.95
4983.91,9721.93
5008.2,9809.33
5023.61,7703.08
5035.69,10090.1
5074.27,9610.01
5082.18,10257
5145.44,10012.5
5158.67,10498.7
5162.5,3666.24
5188.26,9770.29
5247.45,10045
5258.11,9757.47
5593.8,9360.61
5879.13,3981.74
5888.4,6681.13
5890.56,3902.12
5947.02,5085.06
5978.21,4296.74
6060.81,4008.56
6119.85,10269.5
6128.3,4293.43
6171.31,9936.63
6195.97,3984.89
6215.06,10429.5
6216.94,4159.55
6276.78,11206
6318.81,4242.28
6325.38,10943.2
6346.39,10459.4
6370.34,11180.5
6374.11,11364.5
6377.27,4502.69
6468.99,10302.5
6473.35,11073.4
6520.9,10840.5
6526.13,9103.46
6546.85,11073.8
6550.22,3759.44
6608.3,11272.2
6627.88,11131.3
6633.91,11590.3
6809.12,11433.4
6816.45,4442.95
6821.44,11171.2
7053.86,3973.5
7641.6,11468.9
7654.15,12047.5
7814.61,5931.16
8004.08,11639.4
8202.73,12139.7
831.575,5632.89
8442.64,11715.3
8556.9,12099
8680.21,6621.83
8801.84,6533.45
8943.03,6861.85
9006.35,12636.1
9068.53,4441.39
9115.64,11056.4
9168.3,1699.55
9247.13,10958.8
9379.12,10936.8
9466.8,10264.4
9489.98,6449.92
9492.45,10777.2
9507.08,10884.2
9520.01,11745.9
9543.28,10687.5
9660.18,10539.5
9696.22,10770.5
8154.12,8602.45
1892.65,7037.18
3894.14,7956.25
3992.95,8188.96
3930.65,8130.98
3980.4,8229.76
11213.6,9577.44
11591.6,9737.43
1668.83,7287.77
1898.18,7008.92
1923.41,7226.28
1972.57,6789.98
2037.72,7441.82
3923.69,8062.07
4054.28,7838.86
10998.6,4183.98
11325.6,9630.32
1289.77,7229.8
1336.94,7677.26
1520.99,7438.93
1658.87,7329.97
1818.25,7090.4
3216.94,6821.8
5279.6,5539.13
6295.07,3888.81
9403.16,11042.9
10553.8,10751.6
1198.56,7770.66
1805.02,7447.27
1850.93,7429.76
4042.77,7873.78
5804.5,4212.45
7905.34,11642.1
7943.74,11608.1
10623.9,10769.5
1806.03,7422.3
5831.54,4200.93
7939.86,11647.5
10706.1,10987.6
11246.3,4366.32
11384.3,9617.92
1369.88,7356.86
1506.47,9766.82
1724,7507.68
1802.35,7304.79
3057.89,6832.24
6258.73,3986.62
6259.71,10144.6
909.295,5478.66
9266.8,10753.9
10171.1,8753.23
10828.9,10922.9
10874,7403.07
11036.4,8977.81
1107.81,7388.84
11097.4,8936.8
11299.4,9425.47
1413.54,8662.86
1434.93,7261.95
1710.17,7586.57
1845.9,7173.94
2553.6,5603.65
3345.79,6903.07
3590.46,7474.64
5594.84,5755.06
6993.45,4047.63
7313.36,2877.9
7537.19,2486.2
7726.19,2836.08
7997.23,8849.59
801.937,7998.62
8204.48,10827.3
8814.27,10198.3
8954.85,7211.07
8958.34,11698
984.142,8972.46
9927.08,10615.6
10387.5,11114.1
10582.4,11045.2
10651.7,10785.6
10690,10784.6
10798,11053.3
10801.5,11247
10821,11128.9
10888.6,947.946
11048.3,11165.8
11093.2,4241.55
11130.2,11528.4
11191.1,4395.91
11292.2,4496.02
11302.1,622.008
11323.6,688.689
11373.6,9630.11
11392.7,9709.48
11473,472.947
11559.8,9666.21
11567.2,9804.67
11606.1,9529.87
11607.5,434.031
11638.6,4602.13
1174.36,9437.31
1301.6,7413.1
1387.19,9620.09
1392.99,9557.08
1401.56,9724.41
1564.4,7280.67
1611.3,9822.16
1645.34,7338.84
1709.83,9522.33
1759.78,6959.33
1775.73,7489
1894.88,7397.9
1984.66,7426.69
2007.1,6859.64
2115.06,9454.85
2167.08,7516.49
2407.85,7453.44
2511.9,5511.49
3099.07,6843.38
3421.81,1945.26
3530.43,12050.5
3612.47,11788.6
3713.4,11673.5
3754.57,11672.6
3901.6,11644
3937.04,8430.74
4020.82,7998.59
4149.37,10229
4936.32,9984.79
5012.66,10023.6
5136.88,9761.62
5158.8,10053.7
5221.42,5651.35
5245.8,10335.2
5350.81,3747.76
5684.32,3985.92
5896.43,4023.01
5978.19,4196.02
5979.96,4371.66
6021.94,4233.14
6168.14,4190.65
6177.23,4018.95
6214.35,4124.94
6220.72,4055.02
6259.62,4199.44
6414.65,11405
6439.97,8159.98
6439.99,11246
6504.03,11216.5
6550.3,11511.3
6568.8,11379.7
6852.83,11119.8
845.785,5563.64
866.451,5408.16
872.707,5557.72
8939.81,2037.18
8963.75,7235.61
9016.99,6563
9068.69,4423.48
9516.58,10389.7
1074.68,7254.42
1507.96,7254.19
1026.86,9511.49
10588.7,11180
10605.8,6955.72
10691.5,10908.9
10811.4,10757.5
10877.4,10985.2
10904.9,9081.59
11012.9,8942.84
11023.1,9057.46
11023.3,4368.5
11074.3,9077.41
11092.6,11247.9
11122.3,8942.31
11138.2,11389.5
11174.5,9543.98
11230.1,4382
11252.5,4228.5
11303.5,648.168
11367.6,9411.05
11411.4,9769.89
11446.4,530.586
11496.1,4597.09
11510.2,4676.92
11535.1,9688.99
11558.3,4691.92
11588.7,4589.74
11592.3,9854.45
11600.6,9468.97
11712.7,384.78
1179.06,7397.31
1184.52,8970.09
11895.5,7425.28
1278.98,7973.84
1301.11,7874.64
1347.3,9685.68
1622.28,9725.41
1629.56,9552.71
1632.14,7631.11
1717.8,7305.08
1720.19,9749.88
1758.79,9486.89
1844.28,7480.23
1931.13,7070.74
1931.39,6937.79
1937.47,7718.46
1964.29,6929.11
2013.7,7003.3
2065.67,7445.47
2090.48,7251.66
2388.72,11462.2
3216.89,6787.72
3315.46,12000.1
3689.41,11763
3844.06,1825
3932.04,8168.95
3971.02,7965.37
4002.02,8052.11
4048.21,10167.1
4099.65,7908.34
4281.05,10374.7
4846.71,7276.71
5172.85,5698.46
5187.9,3613.71
5625.77,3770.53
6017.42,3977.03
6029.93,4282.79
6131.2,4191.56
6135.73,4476.43
6252.33,10194.2
6311.43,9895.32
6533.46,6265.26
6986.41,11876.3
711.985,5726.25
7594.2,11537.1
7648.92,2342.69
7722.57,3024.83
7856.75,10088.4
7929.07,9745.12
8095.5,11138
8163.85,10842.6
8259.6,11206.4
840.474,5473.18
8531.25,11982.6
8835.61,11073.1
8922.1,2080.51
8993.12,6653.02
9555.49,10727.3
969.447,7243.95
9702.47,8529.49
9752,7193.31
9781.07,8083.98
11538.6,6994.28
2099.31,7717.33
2185.47,11179.6
6417.24,4756.44
7312.34,2658.83
7312.87,2917.64
7313,2634.47
7424.63,2550.4
7690.43,2706.35
9174.35,11153.2
10456.4,11065.8
10638.8,6944.53
10831.1,970.682
10866.9,9055.22
10916.8,11153.8
10985.9,9077.03
11073.2,4244.24
11226.5,9513.9
11369,9462.56
11399.3,4097.05
11462.7,9443.27
11480.9,439.208
11538.8,4557.96
1202.72,8977.21
1227.5,8056.98
1255.34,7420.67
1322.11,7857.07
1334.19,7360.17
1396.76,7520.09
1444.97,9684.97
1490.29,7547.68
1529.37,9763.07
1530.45,7269.37
1571.17,7602.62
1727.57,7430.12
1756.89,7514.74
1893.1,7648.33
2017.13,5881.88
2497.01,7508.72
3079.16,11976.3
3116.46,7066.11
3452.58,12189.6
3569.35,12007.3
3797.07,11963.9
3876.01,11589.7
3998.48,7905.36
4321.2,10462.9
4875.85,7576.03
5044.78,9998.67
5163.26,10541.7
5176.02,9718.17
5286.46,5683.19
5725.48,3773.02
5887.32,4103.34
6283.12,10141.8
6289.5,11339.1
6422.17,11026.5
6433.72,11296.9
6439.39,11468.1
7631.31,11516.6
8329.17,11198.9
9131.31,6640.24
922.016,5501.22
9638.01,10760
9813.77,8470
9813.84,8130.73
9911.89,8516.38
11568.7,6977.61
6380.28,4798.02
7279.34,2971.22
7488.15,2510.23
7855.84,5819.18
1006.25,8986.05
10677.2,11030.9
10685.8,11066.6
10827.9,11028.9
10923.7,959.878
10938.3,9027.69
11013.3,11221.7
11061.4,9075.73
11189.7,9539.49
11329.6,4168.77
11500.9,465.381
11588.1,9395.5
11597.1,407.34
1184.42,7232.76
1202.76,7484.38
1337.17,7413.23
1484.02,7369.83
1571.53,7564.47
1627.52,7609.72
1666.31,3671.07
1813.53,7512.62
1947.96,7721.78
1951.22,6929.12
1986.87,7545.81
2007.77,6949.93
2052.57,7447.24
2079.29,7245.08
2149.53,9456.49
2601.06,5416.96
3109.68,12013.5
3153.44,12084.8
3696.32,12042.3
4046.54,7924.85
4053.32,8025.66
4720.83,7606.52
5055.1,9930.61
5095.87,2137.3
5276.78,10362.3
5623.6,3789
5717.5,4040.31
5819.08,4287.41
6006.9,3990.07
6042.95,4274.74
6129.97,3979.73
6348.93,11040.8
6364.98,3890.77
6531.61,11222.4
7838.87,9788.93
8108.44,11138.8
8150.98,10840.5
8293.16,11199.8
9781.65,8544.6
9899.77,8565.32
11543.4,7136.97
1193.23,7799.68
1659.63,7293.07
1684.18,7656.65
1791.07,7600
6353.89,4766.59
7286.23,2859.15
7297.94,2916.4
7359.32,2679.82
7395.42,2743.87
7821.69,5896.44
10524.3,11114.3
10626.7,11156.4
10811.7,11019.7
10997.4,9072.27
11050,4412.9
11053.9,4285.08
11126.6,4257.58
11336.7,9370.26
11356.6,9460.97
11457.2,462.157
11502.9,9387.49
11560.2,9749.34
11577,4545.48
11605.9,395.265
1283.19,7865.67
1298.05,7261.48
1328.75,8814.96
1354.55,9646.27
1396.4,7507.6
1501.64,7563.08
1571.86,7590.17
1604.61,7271.71
1744.4,7515.18
1893.65,7660.83
1941.89,6995.88
3016.19,6842.95
3070.6,11985
3371.65,12007.9
3566.98,11948.8
3982.57,7909.2
4331.98,10468.5
4974.06,7914.78
4982.66,9916.53
5182.67,10382.6
5713.14,3824.97
6205.83,10150.6
6243,3993.82
6317.68,4032.17
6380.59,8151.32
6382.17,11279.3
6827.77,11133.9
729.775,5685.44
8317.46,11202
920.483,5688.45
9303.8,11150.1
9354.29,11047.9
9564.38,10816.5
9660.75,8492.88
9920.79,8508.17
11476.6,7160.77
1275.84,7653.48
2092.21,11164.8
4032.75,10145.3
4861.95,842.636
6348.46,4732.72
7286.58,2959.6
7325.88,2759.52
7580.56,2594.18
7629.53,2619.26
11013.8,8927.62
11034.5,8927.46
11604.7,7095.35
11613.1,7078.64
11621.3,7061.88
7239.57,2952.33
7672.05,2318.58
5620.85,3853.9
5658.81,3836.06
7639.23,5996.58
7790.76,10112
9839.31,8480.97
10930.5,9053.34
10931.5,9081.42
11106.9,8990.32
11173.7,11457
11327,9389.69
11331.3,9470.28
11484.8,6980.22
11514.9,6980.05
11538.1,397.039
1267.08,7685.36
1287.65,7688.28
1655.32,7639.86
1786.77,7678.75
1948.86,9518.59
2046.75,7308.05
2096.68,11037.5
2133.1,11265.4
2155.98,10843.3
2197.56,11079.6
2207.54,10986.7
2220.31,10883
4398.73,6705.4
5566.59,3733.42
5588.49,3786.76
5597.96,3750.64
6325.31,4769.1
6367.01,11034.5
6392.93,11029.4
6406.29,4778.24
7310.48,2576.6
7335.05,2864.31
7349.81,2575.99
7382.23,2841.67
8160.18,10873.5
9000.34,6534.25
11159.8,11412.5
1351.18,7845.88
1374.31,9695.57
1516.22,7383.01
1595.13,7614.68
2078.72,7263.92
2137.96,10916.2
3174.5,7057.15
6457.25,3686.75
8975.61,6630.48
9366.97,11203.1
