
8035.46,9856.11
2425.31,5179.89
2474.35,5082.55
2674.83,5836.89
3027.37,5904.24
3181.33,6620
3366.27,6310.11
3820.09,4935.89
4068.63,6404.64
4440.8,7558.18
4454.51,8376.24
4508.16,6536.55
4546.97,8098.92
4773.13,6734.01
4856.27,8692.31
5270.27,9072.72
6035.63,9611.9
6525.4,9273.96
6575.05,6009.54
6618.31,7617.57
6764.52,8239.88
6797.34,6107.65
7096.88,3607.54
7136.68,6226.75
7197.39,4012.35
7255.98,5990.44
7271.01,5702.73
7275.88,8965.9
7619.94,4563.34
7653.07,5890.14
2243.77,3247.63
3425.27,8360.04
3536.28,8615.13
3676.61,8813.22
5089.63,8406.23
5090.67,7333.3
5107.6,4241.01
5353.89,3691.92
5771.33,3596.27
6015.33,9204.72
6660.57,2713.06
6833.48,2714.97
6989.41,7886.32
7032.31,8140.75
7179.44,8131.24
7431.19,6237.31
7494.16,7874.4
7573.1,7748.74
7651.39,4802.25
7792.78,6703.24
7804.5,7565.7
8141.78,7897.65
956.185,12020.5
4778.62,5697.92
5825.08,10717.5
6081.71,10868.4
3657.26,7587.97
4347.53,6766.45
5210.33,10364.5
5522.01,10336.4
5899.42,10693.8
5990.09,10818.8
6334.07,10860.4
7962.37,6546.77
3709.64,6170.37
5452.12,10908.3
5558.51,10506.4
5725.38,10780
5842.04,10900.1
6031.44,10800.1
6173.82,10671.9
6210.02,10554.4
6275.7,10878.8
6425.7,10544.8
6429.56,10787.2
7771.85,6301.73
7883.28,6411.59
8212.49,6766.6
5722.55,10747
6153.66,10842.6
6172.19,10733.2
5098.06,9071.97
5359.7,2797.67
5513.67,3482.77
5812.94,2419.26
6061.54,8720.91
6613.67,8809.51
7468.94,10535.8
8340.88,3119.7
5876.52,10786.9
6131.12,10864.3
6304.08,10705
6201.91,10681.8
6338.87,10731.8
5839.17,10766.5
5848.11,10772.6
5913.33,10662
6047.48,10835.4
6061.85,10847.4
6086.75,10852.2
6106.56,10818.1
6107.7,10774
6110.43,10872.1
6212.55,10645.4
6228.83,10679.8
6232.79,10763.9
6235.29,10670.3
6235.54,10660.2
6235.65,10650.5
6251.4,10772.5
6258.21,10730.6
6270.11,10749
6275.33,10725.5
6283.52,10735.6
6313.65,10638.9
6316.94,10660.2
6355.99,10720.2
6388.8,10643.4
6054.21,10841
6091.11,10749
6107.21,10861.4
6150.38,9993.91
6196.84,10666.9
6246.62,10763.1
6263.21,10739.9
6322.42,10740
6282.59,10781.3
6413.21,10659.3
6266.95,10802.2
6237.99,10777.3
6035.75,10781.1
7871.49,3177.76
3167.52,6305.87
7153.65,10123.8
7207.39,7793.82
7244.1,10583.1
8058.58,4059.14
3180.31,6303.07
7146.91,10112.9
7218.47,7800.54
8076.31,4040.52
5598.49,6953.79
8277.66,3088.42
3280.3,6379.55
5967.06,3453.89
6574.52,3783.04
7180.75,10248.4
726.152,12119
7340.82,10486.3
7398.44,8142.16
7569.22,10531.9
7740.09,7546.97
7946.84,4054.68
8230.03,9948.6
698.417,12118.3
8068.29,9996.1
1080.56,689.406
1561.66,4573.08
2998.64,5899.33
3014.7,6314.89
3095.92,6280.89
3172.18,6287.74
3196.52,6636.16
3489.71,3475.08
3570.75,3561.32
3700.04,3242.98
3728.87,3541.66
4129.1,6837.43
4217.44,3651.49
4272.47,6819.28
4735.55,2872.89
4961.62,6539.64
4963.86,10326.7
5115.01,4204.11
5225.5,2879.02
5243.57,3131.86
5276.79,2518.97
5278.55,3532.64
5289.98,2901.14
5296.15,2699.64
5305.85,4705.66
5375.1,3717.39
5390.72,2702.83
5412.17,6858.53
5419.09,6992.07
5451.2,2983.5
5475.99,2701.77
5493.44,11173.1
5519.96,2460.1
5525,11240.1
5550.27,2833.23
5818.78,2409.91
5901.52,8694.57
5953.84,8722
5986.68,8507.7
6006.87,8788.81
6065.47,8851.52
6065.91,8946.65
6088.82,8908.4
6111.87,8614.57
6176.52,8446.64
6360.68,8922.26
6558.42,8830.46
6655.74,8747.22
6801.85,5409.32
6969.56,7281.07
6987.46,10029.1
7014.7,8949.62
7065.75,8859.71
7160.15,6165.58
7214.43,9076.32
7280.51,8998.56
7292.42,5900.67
7382,7589.89
7455.67,6372.8
7486.02,7670.64
7518.27,7816.88
7518.8,3650.57
7579.69,3873.22
7594.71,8025.77
7597.48,7761.69
7610.09,4056.78
7677.93,3708.93
7717.06,6220.69
7737.36,7527.38
7842.57,3620.9
7868.97,9125.12
7874.2,8832.37
7935.29,4570.7
7985.88,3897.05
8031.77,4466.09
8070.87,3884.86
8171.14,3660.91
8227.54,5782.91
8290.72,3502.74
8362.22,3532.07
8413.48,3358.42
8550.34,3206.23
9521.8,4243.24
3645.04,3225.38
7032.7,9991.43
7471.92,10589
7712.21,4160.07
7880.78,4037.51
8066.23,9764.18
8133.47,10123
8185.07,10082.6
8302.6,10062.8
8379.63,3755.23
8454.49,3865.91
7741.27,3394.24
1022.71,658.63
1026.17,698.118
3054.21,8482.1
3067.82,8504.87
3534.21,3267.65
3551.17,3109.87
3559.86,3234.63
3583.77,3105.02
3589.32,3216.34
3624.99,3110.15
3630.35,3207.47
3665.99,3115.26
3668.18,3131.06
3668.74,3172.69
3670.87,3199.55
3688.9,3033.54
5486.1,11624.9
5522.78,11643.2
5744.69,2383.69
5784.86,2385.4
5814.66,2374.16
7646.65,3317.83
7667.72,3359.18
7668.39,3290.91
7745.59,3146.68
7745.77,3188.15
7758.9,3116.44
8482.68,3789.55
8482.97,3748.19
8483.61,3830.43
8494.47,3871.8
8616.3,3252.7
896.052,11871.7
929.63,11859.4
9309.34,3867.46
9318.7,3827.47
9324.23,3788.03
9325.58,3746.68
1144.36,12087.1
1578.95,4659.85
2209.9,3532.3
3006.75,6842.24
3034.97,5861.45
3143.49,6704.02
3449.04,8398.04
3767.88,4949.44
3960.43,7046.64
4098.19,6673.32
4549.54,8387
4565.22,8072.8
4589.65,6851.8
4671.56,3927.68
4741.92,7075.6
4934.3,6533.44
4974.6,8007.78
5121.76,4221.93
5189.05,8988.99
5231.32,2906.4
6039.31,8454.71
6961.02,3921.95
7196.25,3807.9
7382.19,3864.58
7404.27,6026.97
7483.82,5704.7
7719.4,6531.27
7862.4,4740.16
8547.02,7677.2
2453.86,5299.92
2915.33,6121.31
3127.92,5236.74
5120.71,7341.09
6385.91,2683.01
6766.19,10806.1
6786.18,7801.02
6995.39,7863.08
7472.39,7873.45
7604.16,7738.99
7660.17,10689.2
7778.35,7570.49
1675.85,1521.83
3004.18,6217.87
3232.91,6519.32
4536.07,7570.39
5090.28,8901.71
6335.91,2757.54
6565.39,2931.99
6725.81,7663.17
7115.38,3920.08
7191.74,6052
7257.48,8922.41
7306.5,3896.08
7402.15,8071.64
7410.85,5684.32
7520.45,7924.2
7798.74,4859.14
7812.62,6522.93
7855.04,3564.99
7917.73,4217.96
7995.63,3876.83
9462.11,3288.68
9717.89,5904.84
1038.76,11971.7
11648.9,4736.87
1168.86,11859.5
1586.84,4658.93
2405.54,5147.4
2500.77,3753.25
2995.57,6241.54
3019.44,5857.72
3037.96,6831.51
3045.91,5331.99
3166.07,6406.72
3373.38,3776.96
3540.41,8513.59
3594.13,8576.9
3607.01,3985.05
3636.37,5240.74
3640.7,3401.31
3932.82,4850.48
3970.21,3253.78
4024.34,4534.35
4148.75,4148.73
4180.02,6468.69
4219.91,6837.81
4452.67,3852.96
4492.17,4190.66
4617.69,2777.15
4707.97,10391.2
4809.26,2767.08
4843.53,4041.05
4982.32,3337.6
5029.1,2436.4
5053.68,3858.43
5138.77,4168.79
5142.07,7352.07
5281.81,2746.34
5299.39,3682.02
5313.61,2662.72
5443.49,6829.61
5448.58,2896.61
5455.77,7032.75
5486.14,3287.84
5556.17,7071.81
5569.96,11257.1
5589.32,4181.04
5603.79,6982.4
5608.81,2575.62
5622.08,7087.56
5656.21,4275.06
5679.76,3874.55
5693.65,3621.29
5695.1,3733.9
5736.57,3801.31
5800.49,3552.47
5876.93,8667.52
5956.57,8528.74
5961.02,8606.41
5983.06,10067.8
5983.39,8702.18
6002.56,8748.04
6032.3,8515.73
6053.65,9570.18
6076.74,8600.67
6089.4,8673.14
6093.1,3151.21
6153.81,8492.44
6215.05,8658.22
6363.78,5378.57
6424.95,8924.88
6782.45,8914.31
6790.47,2844.08
6842.74,8370.22
7015.31,7902.42
7019.2,7971.55
7043.61,9185.34
7065.97,8992.86
7067.4,7987.55
7080.8,6006.63
7104.91,8105.66
7114.03,8850.13
7142.34,7090.32
7142.94,7897.63
7187.61,7920.26
7191.98,7773.77
7199.99,9057.15
7218.39,8990.68
7231.15,7839.03
7259.53,8945.18
7288.73,8143.24
7362.02,9169.86
7378.77,8968.29
7614.92,10647.9
7634.02,7781.65
7683.07,6431.24
7933.46,7539.08
8078.51,3788.48
8105.85,3044.63
8107.22,3199.15
8120.84,3154.35
8240.17,3778.4
8274.94,3515.18
8325.07,3645.65
840.183,11872.7
9601.67,4023.7
11788.7,4228.92
1572.6,4646.9
2878.08,5533.26
3010.92,6277.78
3067.33,6356.67
3139.12,6888.91
3209.42,6349.64
3591.63,8467.1
3829.9,3246.93
3832.42,8769.59
3841.59,3075.12
3884.13,3212
3980.57,3314.39
4414.02,7543.5
4420.46,4257.58
4514.2,7998.4
4558.63,6496.53
4618.69,7895.75
4851.88,3941.08
4938.73,6521.92
5041.71,8410.71
5042.35,3108.55
5054.93,4720.2
5074.75,4454.02
5098.22,3964.68
5104.63,8886
5116.02,2579.68
5191.06,1192.92
5241.75,2982.04
5245.65,2705.21
5246.25,3194.54
5270.35,2889.58
5284.03,2798.07
5320.68,2750.61
5335.64,2681.46
5365.93,2905.4
5426.67,10055.7
5428.31,2680.48
5436.51,2578.11
5457.01,2453.11
5463.14,7007.42
5490.1,3830.26
5516.47,7811.94
5521.81,6959.2
5558.62,2685.2
5560.31,7061.08
5575.42,6957.78
5577.41,2886.1
5586.67,11222.3
5613.11,6969.43
5613.79,4185.36
5667.68,4237.5
5716.67,3772.16
5722.94,3648.19
5827.08,3376.24
5839.88,3619.88
5852.06,8702.2
5919.1,8614.2
5922.32,3461.99
5938.72,9681.84
5953.33,8596.2
5964.62,3721.85
5979.85,8670.93
5997.21,9576.1
6132.7,3147.37
6139.02,3640.28
6542.76,8897.4
6598.72,6047.52
6742.2,5405.72
6818.14,7301.85
6877.38,8942.46
6881.79,7341.84
6923.68,7200.46
6975.33,7130.54
6993.17,7417.53
6993.28,7210.2
7006.76,6028.35
7009.71,6136.8
7010.24,7186.58
7014.32,9177.17
7044.63,3907.05
7069.94,12202.3
7084.59,6118.19
7092.71,7123.76
7139.15,7063.65
7151.03,6250.21
7156.14,7179.03
7171.54,7779.02
7184.39,8039.02
7191.7,7935.51
7223.17,8961.58
7241.2,7852.31
7271.83,8823.63
7290.17,8958.12
7309.49,8035.75
7315.45,8091.35
7328.19,8052.7
7377.87,8034.8
7406.86,8032.15
7512.29,3664.24
756.241,12113.2
7560.21,9134.64
7571.81,6700.7
7703.3,6199.21
7831.79,4311.71
7850.11,9062.73
7879.93,3603.77
7946.76,3283.98
8038.66,3690.72
8107.4,3120.5
8115.72,3782.09
8132.91,3670.14
8149.48,3183.68
8156.02,3219.95
8192.66,3066.79
8247.18,3124.17
8269.43,3174.93
8298.21,3118.83
8305.64,3156.48
8312.79,3021.23
8314.95,3495.66
8344.81,3167.15
8361.17,3014.22
8364.51,5752
8369.42,6794.05
8463.69,4007.47
8465.74,3547.17
8485.34,3510.59
8520.79,3227.77
9558.67,7092.25
10053.2,3991.79
11124.4,4765.9
11404.9,4095.41
1646.56,4623.13
3067.14,6402.06
3067.64,6300.33
3098.12,6307.94
3118.09,6847.89
3119.76,6456.91
3184.97,6429.12
3451.52,8184.49
3506.36,3473.66
3514.03,8493.21
3567.46,8473.39
3579.13,8454.46
3721.15,8896.99
3766.78,3518.32
3789.68,3278.7
3855.62,3355.41
3891.82,3109.67
4203.98,3652.35
4415.98,8450.7
4468.35,8355.02
4502.04,7842.56
4639.92,8468.77
4757.98,6754.22
4871.61,8676.37
4954.02,10294.3
5021.04,4720.75
5120.32,3642.64
5125.8,4195.24
5180.53,3132.12
5270.18,2716.44
5272.76,7319.55
5365.44,3468.24
5402.25,2855.3
5408.12,2760.88
5424.72,6852.31
5445.42,2921.7
5463.13,3000.22
5463.14,2726.67
5468.69,2590.54
5482.31,7907.54
5484.32,2775.55
5495.54,2465.86
5499.46,7038.55
5512.82,11203.2
5516.81,11111.6
5524.51,4203.65
5534.96,6990.31
5535.06,7889.79
5575.09,6928.26
5648.57,3550.04
5656.56,2925.04
5705.69,9082.36
5711.86,3711.96
5754.58,3792.87
5838.71,3382.72
5910.7,3660.74
5912.85,3268.61
5936.81,3661.87
5938.61,3452.61
5947.43,8668.64
5999.96,8695.6
6058.63,8548.4
6074.49,8904.4
6085.26,8848.15
6129.74,8595.83
6130.1,8774.62
6160.71,8607.39
6233.07,3186.24
6239.69,8994.18
6323.33,8911.45
6368.4,3729.69
6378.55,3172.71
6585.65,8884.8
6594.53,6010.15
6598.98,8758
6760.69,5361.62
6771.61,8206.7
6781.1,5417.36
6919.96,7432.75
6929.85,7276.02
6991.84,9120.02
7019.07,6178.08
7053.24,6002.61
7056.19,8987.04
7058.42,8874.93
7063.64,8933.16
7071.88,7929.18
7101.11,9048.44
7144.88,7875.72
7156.49,7954.98
7171.64,7841.09
7176.14,9070.88
7181.06,8946.41
7218.28,8108.37
7230.67,8087.26
7242.8,7980.28
7247.69,8778.43
7251.01,9145.45
7251.42,3852.93
7252.07,8996.55
7342.27,6144.69
7348.38,5874.85
7348.8,6007.82
7396.82,8045
7397.7,9211.38
7553.11,7834.08
7558.29,7720.79
7562.56,9101.08
7591.84,4057.67
7607.31,7771.52
7630.54,3950.8
7846.22,3858.48
7863.87,4315.29
7864.38,9108.93
7866.37,8846.17
8220.71,3590.57
8226.06,3050.31
8235.91,3022.79
8238.63,3151.94
8275.33,3038.99
8283.25,3263.91
8308.09,3222.64
8318.19,3318.82
8321.49,3053.98
8336.51,3592.13
8423.91,3372.64
8485.71,3566.9
9548.72,4207.42
4561.97,7093.74
9646.4,3466.62
11776.9,4681.87
2340.25,3423.96
7917.88,7532.77
3116.21,6295.48
7298.71,7843.83
7988,4097.81
10524.8,4104.6
3717.17,3246.26
4843.71,2561.52
5053.26,4480.07
5294.27,3550.84
5304.79,3548.89
5813.33,3488.78
5831.54,3503.74
5964.35,3634.31
5970.21,8742.54
6004.81,8847.26
6032,8884.3
7034.62,8951.6
7128.26,8871.96
7156.26,7021.15
7539.5,8590.88
7664.99,10634.4
7690.36,10697.9
7704.31,10595.6
7963.99,3081.44
8056.67,3101.83
11648.8,4436.4
5011.65,4477.42
5813.26,3512.54
5954.24,3616.04
5985.19,8882.56
6022.71,8807.65
6023.91,8523.94
6730.51,8718.99
7000.23,8990.13
7108.27,7901
7160.99,7034.75
7228.51,9000.63
7360.7,9221.98
7365.35,8133.9
7643.01,3671.55
7989.85,3083.73
8017.49,3089.28
7663.87,3726.32
5457.01,11388.6
5892.97,3644.05
7123.67,8905.96
7652.83,10715
7109.77,8929.29
4950.94,3807.55
5185.28,2790.65
5563.22,11135
7075.54,8907.86
7560.17,10709.4
7637.1,10688.6
8231.52,2999.8
9316.54,6859.43
11423,4106.57
3787.13,3350.54
4095.99,3468.92
5585.6,3824.16
1634.26,4620.1
5202.79,3469.4
6403.88,8471.68
8097.62,6606.77
10549.8,4419.87
11786.4,4664.38
2326.39,3409.25
2472.36,5173.5
3964.03,3238.8
4007.89,7507.04
4480.72,8336.68
5180.98,2766.21
5527.6,6889.68
5528.23,2750.21
5567.11,7891.95
5626.21,7100.15
5978.47,8786.84
6049.57,8793.86
6107.47,8448.74
6152.05,8770.29
6298.21,8808.73
6373.07,5391.93
6437.56,8945.03
6520.51,8899.67
6692.38,8380.65
6774.25,8906.07
7362.07,8712.55
7395.48,8962.86
10020.9,5985.28
10570.4,4409.25
11812.7,4699.24
11884.1,4759.39
3769.98,7480.96
3793.14,3322.45
4291.01,7032.82
4565.53,8353.11
4745.1,3513.18
4745.34,8828.21
5042.11,4779.81
5061.57,7588.74
5151.86,2697.42
5205.21,2796.73
5407.66,3408.45
5503.77,4238.96
5522.04,7699.72
5604.63,3657
5637.16,6944.29
5643.76,7068.17
5794.14,3259.7
5834.95,8546.33
5904.16,3725.68
5904.8,8742.58
5922.6,8655.27
6013.89,3584.59
6014.68,8411.07
6030.35,3511.54
6081.89,3679.66
6091.44,8478.42
6109.53,7991.85
6221.18,8535.09
6234.5,8807.37
6445.64,8931.58
6558.08,8541.37
6558.3,9003.33
6703.16,8903.04
7156.95,7207.21
7379.83,8724.9
7643.46,9237.88
7872.75,8954.86
8380.61,3016
9248.69,6847.18
9641.96,3497.14
7718.13,3284.92
7767.46,3224.65
7769.26,3201.4
7773.89,3126.7
7789.97,3204.96
7911.86,4027.52
7930.18,4023.22
8037.12,9989.84
8225.05,9890.61
8237.83,9902.53
10519.7,4021.81
2464.9,3730.92
2994.61,8533.78
3096.81,6785.18
3126.03,6400.08
3229.32,6274.26
3246.95,8490.89
3583.99,8481.42
3585.28,3233.41
3621.64,3303.6
3632.12,3281.89
3634.76,3875.93
3728.15,3215.31
3957.58,4692.62
4204.17,4278.92
4592.75,3979.24
4905.95,3817.55
5052.18,3456.69
5293.6,4695.82
5388.69,2764.6
5401.3,3664.17
5436.27,2999.39
5474.5,2815.97
5497.41,6947.72
5505.98,2679.73
5517.2,7025.92
5540.68,7001.76
5580.9,2610.47
5592.5,11249.6
5599.69,6991.88
5606.28,11207.6
5618.29,3561.49
5677.71,3364.18
5760.13,3461.66
5768.67,3480.55
5775.98,3527.59
5811.51,3652.65
5821.83,2520.49
5848.05,3449.81
5862.8,8674.98
5919.03,8630.8
5936.1,8593.14
5954.69,3543.12
5960.85,3573.17
5989,8685.5
5996.49,8553.87
6023.29,8645.65
6080.96,8516.09
6090.9,8581.82
6109.61,8630.31
6114.86,8672.29
6154.63,8690.71
6187.01,8699.36
6835.1,7338.05
6835.8,7313.34
6905.14,9952.55
7004.24,7058.03
7016.69,7426.37
7021.21,7097.89
7035.34,7179.6
7047.75,7109.31
7074.8,7854.56
7088.73,8854.19
7097.52,6142.77
7105.18,6001.99
7161.01,5969.47
7164.05,6053.09
7182.56,7959.45
7214.75,7865.55
7231.4,8921.61
7272.66,8086.21
7280.21,8121.3
7295.05,7960.62
7316.63,7960.21
7379.87,9218.31
7388.04,8041.95
7395.7,7824.6
7398.04,7795.57
7480.8,6115.33
7583.22,6654.55
7604.55,3876.99
7609.48,3673.83
7947.11,3328.84
7960.42,3265.48
8004.01,3162.57
8011.81,3210.86
8023.16,3262
8031.98,3991.11
8037.68,4489.77
8074.02,3721.55
8088.21,3892.16
8153.22,3730.18
8175.34,3216.15
8182.57,3974.07
8224.89,3412.9
8227.9,3496.81
8235.16,3539.56
8239.35,3086.85
8251.38,3093.61
8308.41,3481.34
8371.74,3242.43
8440.9,3953.01
8465.8,3715.44
8470.86,3927.41
8509.1,3258.94
8589.91,3218.9
8617.37,3268.25
884.49,11873
9684.47,3892.63
3087.32,6873.79
3582.52,3257.61
3695.49,3134.68
3718.17,3056.05
3718.17,3220.23
3746.15,3266.37
3876.17,2824.48
3926.71,4692.61
4482.26,4258.14
4486.18,4294.77
4534.23,8053.96
4659.55,7390.44
4688,7372.1
5009.34,3982.26
5031.03,7420.22
5408.93,2836.43
5639.46,7010.87
5893.15,3597.27
5966.13,8671.84
6015.7,8548.23
6660.24,6685.76
7012.46,7065.56
7045.33,7795.35
7046.53,7427.59
7053.9,7898.68
7127.36,6112.48
7140.71,7841.59
7282.85,7825.65
7284.45,8023.57
7332.9,7949.73
7390.47,8001.01
7399.92,7784.55
7588.63,6504.86
7621.15,6514.6
8026.41,3135.89
8129.31,3127.68
8261.38,2887.4
3929.88,4687.04
5588.21,7045.03
5967.12,8665.58
8266.38,2891.5
3204.43,6368.94
3744.69,3012.25
3874.27,2856.98
4487.13,4254.08
4653.55,7387.88
6575.2,3808.94
6807.86,3565.44
7394.27,7835.55
7623.07,6520.73
8019.44,3178.21
11597.1,4445.75
8147.11,9979.62
8171.47,10006.1
8215.02,10228
8248.09,10178.2
9767.87,3864.6
9789.9,3893.25
7120.95,10129.2
7514.81,10562.6
7686.19,4251.98
7820.7,3263.55
7861.21,3122.34
8059.6,9832.41
8135.32,10453.1
8192.11,10302
8237.2,10034.7
8238.08,10004.9
8305.31,10028.6
8407.4,3870.15
3077.37,6314.28
3080.67,6354.09
3091.71,6805.96
3112.02,6432.28
3142.45,6400.11
3206.05,8485.82
3206.38,8479.87
3223.53,6325.6
3697.54,3283.06
3732.41,3203.73
3754.95,3201.31
3757.05,3292.38
3763.49,3056.02
3790.78,3198.07
3792.28,3225.07
3873.24,2878.38
3887.86,2813.81
5033.01,3960.59
5038.1,3957.44
5452.9,2777.77
5478.16,2657.17
5520.33,4225.44
5520.51,4263.79
5533.32,7045.36
5543.12,4250.37
5556.86,4267.04
5577.47,4267.09
5580.29,2591.45
5589.25,4222.43
5636.4,7031.09
5654.92,3617.29
5661.18,3570.42
5715.56,3352.94
5768.27,3443.25
5776.22,3494.73
5831.63,3461.03
5844.27,3535.19
5872.98,8663.22
5887.21,3469.57
5912.48,3481.26
5935.4,3611.46
5940.22,3564.87
5941.3,3477.72
5947.4,8651.56
5964.45,3655.19
5984.98,8539.11
5996.9,8738.3
6040.55,8648.09
6070.14,3595.82
6071.38,3601.68
6144.58,8595.96
6432.14,3730.39
6600.98,3785.15
6606.95,3784.97
6659.8,6697.78
6841.4,7310.51
6964.96,7193.74
7003.22,9157.21
7003.98,7164.13
7010.39,7133.44
7011.49,7081
7014.32,6100.87
7039.91,10020.9
7048.78,7822.99
7053.58,8102.88
7054.69,8096.99
7066.22,9004.37
7075.83,7199.54
7077.64,7170.88
7086.44,9020.53
7093.38,6052.14
7109.84,7861.81
7114.33,6024.05
7131.05,6179.06
7142.12,7741.28
7147.08,5987.86
7149.25,7122.63
7167.93,6101.41
7171.52,6127.97
7207.03,8037.17
7213.58,8169.21
7215.44,8000.12
7219.88,9031.65
7232.14,8927.8
7256.98,8046.18
7312.64,7808.4
7312.73,7814.58
7327.63,8039.01
7364.03,8032.43
7377.79,7827.95
7377.87,9174.44
7380.47,7918.31
7390.48,7781.62
7402.04,7883.47
7417.04,8020.23
7443.67,6119.78
7453.45,10536.3
7488,7960.56
7520.76,6348.26
7854.63,4287.71
7895.04,9062.57
7938.99,3302.95
7971.65,3246.11
7986.61,3235.54
8010.83,3962.47
8013.55,3914.97
8039.75,9834.11
8041.55,3140.48
8041.88,3185.42
8068.28,3724.1
8125.5,4001.21
8141.77,3981.13
8149.49,3200.82
8151.46,3206.5
8202.5,3645.07
8214.16,3614.8
8232.18,3129.1
8235.96,3232.34
8303.58,3068.05
8308.43,3085.86
8310.18,3091.55
3922.04,3059.98
4304.16,6839.2
5158.16,1196.02
5512.41,11125.6
6040.8,3058.98
6046.11,8760.57
7139.1,8888.03
8147.52,3195.06
8305.08,3073.8
3237.53,6277
3918.35,4686.71
3992.5,6371.95
4882.83,3855.94
5443.75,11370.7
5448.36,2824.41
5761.01,3005.6
5969.36,8587.44
6004.45,8712.94
6060.89,8943.21
6105.37,8594.87
6150.1,8639.33
6517.52,2541.48
6560.44,6026.07
6580.02,8810.04
6826.09,3532.97
7074.91,8889.62
7107.96,8889.94
7230.97,7871.64
7288.14,8103.13
7674.23,10729.2
5189.82,2798.08
5379.59,6959
5891.14,8463.91
5896,3633.17
7027.55,7945.03
7205.15,8875.84
7207.06,8949.53
7257.55,9073.86
8086.88,8796.95
8258.65,3252.77
3194.53,6770.17
3576.41,8488.53
3759.76,3045.72
5898.34,3535.17
5978.65,8599.54
5997.01,8522.4
7035.37,9172.27
7039.46,7801.77
7138.18,6053.7
7185.88,8986.33
7384.53,7966.72
8552.54,3230.65
862.838,11972.4
3000.34,5867.89
5227.15,3583.4
5421.15,2807.98
5808.71,2507.25
5819.11,3652.73
5871.95,8450.41
6045.67,8828.13
6054.87,8607.95
6633,8775.14
6842.62,7345.56
7122.41,9029.91
7152.8,7757.6
7878.67,9062.13
7898.56,8866.33
8232.7,3549.79
3105.66,6325.04
3214.25,8507.11
3884.11,2828.06
5285.39,4718.91
5382.03,2791.13
5547.81,4220
5667.33,3579.11
5704.88,3350.45
5872.48,3486.41
5921.89,3538.18
5970.69,8657.77
5985.99,8573.73
6022.63,8703.48
6430.9,3719.78
7032.85,7150.83
7032.94,8116.04
7053.51,7890.08
7141.98,7833.19
7154.47,9049.02
7210.75,7979.99
7237.56,7844.86
7595.75,3897.31
8027.44,3984.61
8247.16,3451.41
8274.6,2898.33
8418.75,3714.49
3104.17,6396.17
3738.99,3261.49
4642.76,6503.57
5408.74,2827.72
5506.75,6984.95
6651.59,6686.77
7099.21,7865.18
7108.34,6054.96
7185.26,7725.82
7444.8,7921.44
7473.13,6118.87
7577.61,9131.71
8280.6,3132.22
897.457,11877.9
3645.1,3870.6
3936.41,4681.31
6514.34,7782
7009.74,6121.93
7252.86,8061.72
8348.08,3229.57
3184.08,6335.53
5589.18,7036.36
6562.18,6050.09
7130.08,8982.54
7185.19,7966.76
7304.48,8062.76
7368.65,7809.77
7393.72,9191.56
8188.58,3542.65
3090.46,6865.72
4774,6783.84
5498.02,2676.6
5869.49,8696.45
7077.99,7181.65
7533.27,5945.65
7973.64,3299.53
8135.99,3044.25
3591,3258.98
3636.74,8550.05
3777.62,3228.3
4537.12,8043.37
5007.25,3973.94
5594.22,7011.13
6084.19,3575.65
6189.26,8691.72
7215.97,9129.01
7284.82,7961.15
7288.63,7819.32
7471.65,7974.78
8170.23,3113.42
8188.93,3657.33
3091.27,6352.92
3703.77,3136.9
5890.78,3605.54
6037.02,8675.46
7073.35,8996.51
7503.46,6357.15
8015.93,4488.32
8198.77,3176.82
3070.51,6829.1
3096.79,6366.79
3185.19,6365.44
5921.85,3550.87
6015.47,8690.51
6048.5,8646.85
6572.02,8808.55
7098.97,9012.53
7148.95,8995.2
7281.7,7945.35
7525.04,7837.92
7946.5,3306.65
8017.77,3267.61
8205.47,3195.31
8213.56,3532.51
8228.71,3773.04
8455.23,3736.78
7047.75,7094.48
7129.16,6104.42
7391.67,7903.82
8177.87,3702.67
8215.03,3522.57
8417.18,3737.54
3501.25,3491.64
5428.05,2774.78
5559.6,4245.17
6046.25,8571.61
6067.72,8667.76
7023.02,7105.64
7079.04,7101.34
7184.33,7899.34
7255.54,8031.2
7281.58,8056.99
7282.27,8804.86
7324.34,7959.93
7384.94,8006.78
7388.59,7869.63
7598.52,4043.73
7879.54,9111.2
8109.87,3912.56
914.109,11900.4
3212.38,6326.1
4012.21,6385.37
5542,11174.5
5956.67,8575.8
6808.8,3573.49
7093.05,8964.55
7163.61,9006.76
3047.88,6165.87
5566.87,11201.2
6043.6,8562
6231.55,2888.93
7164.61,8947.7
7618.27,7754.64
8252.72,3423.42
3133.74,6399.04
4679.92,7370.03
5556.83,6998.4
5996.64,8715.13
6018.48,9581.96
6996.64,7168.14
7070.81,7118.07
7257.19,7992.84
7311.62,7933.38
7592.34,6512.31
8170.36,3176.83
931.921,11867.4
7004.29,7065.88
7165.56,9034.84
3080.1,6281.47
3787.69,4956.96
5408.03,2989.4
6017.55,8591.26
7153.32,6019.31
4622.74,3973.59
4861.4,8640.32
5037.2,7415
7068.47,8973.69
7229.12,7739.88
7256.8,8015.69
7303.94,8021.58
8238.92,3513.87
1168.42,578
3058.31,6348.18
3106.06,6811.21
3637.3,3423.78
3688.29,3272.35
3746.3,3021
3748.83,3293.05
3788.14,3255.5
3882.81,2859.88
5436.44,2797.4
5586.03,11253.5
5599.17,11210.3
5632.6,7015.07
5666.24,3608.35
5783.44,3528.31
5879.93,8430.98
6013.54,8394.67
6052.81,8737.02
6056.91,8695.15
6107.54,8670.13
6787.17,11436.1
7009.15,7426.5
7031.31,7170.36
7082.14,7207.18
7096.4,6990.61
7131.01,7150.48
7152.81,8920.46
7171.35,7923.36
7280.84,8128.85
7371.65,7918.16
7443.55,8841.42
7587.29,6648.07
7609.61,3882.62
7670.51,3688.64
8166.3,3083.94
8179.32,3224.69
8255.39,3125.99
8282.95,2868.9
8304.41,3487.91
837.314,11888.4
8415.02,3769.65
8445.72,3947.04
8457.49,9093.21
8551.46,3243.02
3543.56,3306.32
4206.94,4286.21
4888.21,3840.98
5056.51,3463.54
5573.04,11175.1
5584.99,2585.16
5781.5,3472.9
5838.58,3564.54
5964.97,3676.95
6130.97,8640.91
6848.65,7363.48
6971.31,7185.85
7038.62,7426.82
7102.84,7106.18
7166.52,7880.17
7182.5,9019.18
7211.88,8927.21
7236.99,7957.51
7255.24,7881.97
7282.73,8041.58
7394.46,7912.97
7848.47,4293.53
7996.96,3235.89
8023.03,3143.8
8206.44,3613.37
8226.76,3135.01
3514.85,3473.9
3557.35,3543.48
3590.13,3286.33
3623.4,8462.62
3726.72,3223.28
3727.13,3054.38
3746.76,3547.07
5535.84,11220.6
5856.44,3595.08
5859.25,3533.1
5897.1,8442.67
5928.38,3512.51
6023.95,8774.42
6084.92,8614.56
6189,8465.13
6208.32,3161.46
6350.72,8902.21
7033.95,9153.24
7155.8,6090.32
7206.05,8964.66
7279.73,8088.4
7584.81,4056.66
7864.11,9100.29
8185.58,3097.6
3037.01,6307.31
3107.91,6835.86
3543.43,8465.86
4470.07,4264.56
5057.65,8420.06
5531.26,6998.2
5575.99,4244.45
5661.78,3557.92
5854.55,3478.34
5947.11,3541.16
6989.59,7098.34
7570.7,9111.71
7575.56,6685.49
8039.54,3675.3
8317.48,3131.86
8429.49,3982.78
5402.5,2753.73
5526.36,7029.79
6090.31,8645.5
7131.09,7127.68
7221.24,8013.51
7350.24,8016.75
8134.11,3993.05
3070.53,6320.67
3212.97,6369.65
3524.19,8481
3614.13,3303.12
4672.72,7396.83
5448.33,2784.11
5535.33,4244.66
5971.52,8396.93
7030.41,7844.54
7189.48,7756.28
7308.65,7923.56
7366.45,9196.02
7382.67,9209.58
7389.02,7828.17
7392.5,7789.84
7618.41,6501.77
8012.1,3178.42
8116.94,4002.88
8231.91,3225.13
8300.47,6045.96
2471.28,3724.16
5373.09,2777.77
6088.5,8516.2
6581.43,6068.22
7086.69,7079.05
7096.16,8856.09
7101.5,6117.61
7115.34,6016.16
7151.54,6070.3
7203.96,9034.36
7474.74,3638.37
3123.58,6440.84
4535.02,7997.44
4970.17,3973.1
4997.86,3982.42
5019.63,3969.53
5570.12,4221.67
5920.77,3573.01
5926.53,8629.86
6156.31,8678.8
6158.1,8589.78
6567.87,3809.45
7075.46,8944.44
7141.13,5976.23
7157.19,8894.19
7263.41,8153.99
7966,3260.31
912.557,11877.3
1611.82,4663.05
3597.64,8584.55
4640.11,3975.41
5061.51,7351.15
5416.47,2623.87
5878.33,3605.39
7126.29,6190.56
7624.27,4846.27
8018.96,3934.06
8033.14,4495.81
3039.09,6359.37
3545.99,3542.61
3735.6,3195.18
3757.5,3543.27
3789.18,3243.61
4669.1,7367.65
5045.59,7407.93
5363.88,2861.14
5365.96,2769.17
5412.37,2979.2
5482.07,2665.73
5482.31,3487.99
5532.05,11209.9
5552.32,7008.54
5553.11,11172.8
6012.57,8383.86
6024,8763.14
6063.6,8737.46
6095.34,8619.11
6200.29,8466.55
6210.17,3172.7
6281.97,8672.4
6339.72,8899.3
6561.28,8806.04
7197,8978.1
7226.91,9130.44
7250.1,7865.78
7534.84,7843.13
7568.42,6648
7597.54,6522.07
8013.54,3971.53
8101.73,3920.37
8177.06,3691.65
8191.44,3240.21
8297.1,3460.31
875.472,11978
5031.69,3864.56
5234.99,3594.68
5513.08,6975.89
5781.68,3461.67
5822.93,2500.67
5866.74,8460.17
5999.47,8653.46
6055.46,8832.83
6085.51,8587.64
6622.14,8773.77
6633.83,8757.5
7095.92,7135.44
7147.36,7767.02
7186.47,8933.49
7203.07,9003.26
7218.53,7736.43
7324.78,8018.03
7874.88,9051.9
7887.9,8863.98
7901.13,8848.87
8235.46,3193.62
8252.6,3083.7
8501.39,3246.53
4499.24,4280.51
5536.86,4220.61
5570.71,4210.87
5570.95,11245.4
5585.84,11199.6
5948.07,8568.55
6057.56,8518.02
6103.71,8653.39
6176.63,8712.59
6991.82,7117.05
7004.81,9140.51
7080.4,9029.19
7082.24,7218.21
7141.83,7148.61
7165.85,7976.69
7205.77,7958.7
7222.53,8180.31
7233.15,7978.93
7266.73,8138.55
7279.92,7934.44
7312.68,7944.37
7378.13,7954.15
7877.94,4278.99
8195.19,3598.62
8204.04,3263.91
8220.87,3552.17
8222.05,3807.75
8224.67,3405.36
8228.52,3162.62
3034.77,6334.35
4034.73,6366.63
5042.25,8394.78
6048.61,8585.14
6682.18,6701.22
6823.92,3570.64
7112.83,6037.04
7453.06,6124.76
7551.78,9119.41
7557.74,6674
7563.25,9146.04
3269.64,6684.21
5512.29,7043.95
6230.48,2880.49
7033.43,6110.19
7192.37,8951.4
7626.31,7765.43
3056.54,6830.99
3142.13,6430.78
3631.3,8581.63
5570.25,7036.75
7109.86,8998.18
5868.96,8715.16
7069.7,6146.34
7102.49,8871.07
7142,9060.98
7449.08,3629.19
7546.9,5933.79
8128.24,3173.01
3130.97,6878.03
3661.8,3416.78
7006.65,7111.02
7156.14,6114.37
7216.37,9144.28
857.168,11876.4
3634.71,3289.28
5381.08,2612.28
6541.76,7781.93
7110.3,6210.28
7520.35,6379.61
7096.43,7854.02
7193.92,7718.32
7455.67,7917.63
8056.73,3694.49
7037.22,7818.51
7401.7,9183.1
8426.98,3944.71
4566.17,8028.17
5002.25,3993.48
5023.99,3980.6
7474.93,7985.92
1603.21,4617.13
3144.86,6296.33
3713.84,3268.02
3784.01,3191.52
4663.48,3958.89
5236.59,3730.92
5393.58,3657.68
5591.72,11172.1
5781.84,3503.2
5846.67,3578.4
5925.01,8565.01
5930.06,3604.09
6016.25,8733.19
6097.93,8553.88
6125.45,8566.62
6654.86,8781.22
674.423,12139.6
7058.33,9970.49
7194.16,9124.33
7247.94,8082.51
7282.21,7910.24
7623.17,3690.54
7650.35,3686.93
7659.77,3642.16
7919.85,8874.44
8073.14,9718.21
8149.23,10161.6
8161.1,10159.2
8222.3,10078.5
8248.36,10313.8
8289.91,10128.9
9782.06,3932.75
3565.2,3256.32
3614.16,3249.74
3781.72,3577.82
5542.67,6971.06
5707.56,3395.83
5841,3681.76
5900.27,8410.45
5940.25,3433.4
6179.65,3187.31
6340.77,8858.45
7396.05,8109.89
7437.65,8133.07
7454.28,8876.46
7476.76,8858.34
7547.9,10570.3
7643.1,3718.66
7714.44,3459.23
7726.78,4212.86
7749.61,4172.26
7754.02,4135.3
7757.71,4221.25
779.818,12108.8
7820.29,3088.77
7826.31,4026.75
7833.32,3196.96
7842.09,3163.28
7923.87,4054.28
8071.37,9699.88
8112.65,10089.8
8113.37,10154
8217.82,10156
8233.43,3914.31
8254.83,10110.3
8284.38,9920.98
8296.85,10160.2
8335.25,3082.09
8387.48,3808.98
8462.91,3768.27
9374.72,3843.3
965.365,11869.8
9723.25,3874.33
3154.33,6394.27
3602.78,8484.02
5492.46,3486.57
5591.08,6988.32
5904.55,3501.98
6039.65,8549.2
7086.54,8957.79
7170.93,8954.43
7376.37,8010.99
7677.98,3682.68
5380.34,2821.85
5491.74,7024.6
5989.73,8657.44
6026.19,8587.76
7063.17,8966.33
7075.88,7136.45
7179.76,7872.08
7200.12,7939.1
7257.63,8006.49
7333.24,7957.84
7359.31,8016.52
8139.56,3156.24
8173.66,3185.62
8209.61,3203.59
8240.4,3504.72
3586.21,3240.41
3744.62,3240.19
5550.4,4245.58
5886.5,3535.31
6008.68,8594.19
7107.38,6079.97
7152.95,6036.6
7156.31,9001.03
7207.73,7866.37
7239.31,7813.8
7256.76,7983.62
7355.49,7954.8
3201.97,6328.88
5548.45,7036.91
7100.07,8970.61
7198.68,7929.16
7241.29,7822.18
7283.94,8032.46
8166.83,3166.91
5448.55,2748.59
5590.14,6998.18
5896.56,3498.52
6009.45,8676.08
7174.88,7900.01
8256.18,3413.39
8415.3,3748.08
8445.88,3736.62
3549.9,8512.46
5994.83,8581.87
7257,7957.48
4491.27,4289.16
5480.08,7015.85
5876.57,3534.71
6006.11,8666.66
6065.05,8641.19
7189.51,7870.9
7257.16,7967.38
8132.42,3134.56
3743.14,3248.78
5563.06,6989.73
7066.28,7885.66
3603.1,3303.41
6017.28,8555.55
6030.13,8643.86
7130.83,6095.28
7153.46,6009.97
8159.9,3957.62
8227,3783.6
3099.18,6375.69
3778.96,4950.87
5410.67,2787.22
5861.38,3509.2
7047.17,7083.84
7313.27,8021.31
7343.25,7957.06
8151.83,3963.54
8216.81,3512.09
1621.03,4664.1
3079.58,6823.69
3162.54,6391.81
3557.25,8505.41
7180.97,8965.69
7198.02,7868.54
7203.01,7947.34
887.373,11901.2
2959.97,2965.94
3013.13,6243.77
4487.35,4029.85
4957.68,10309.8
5031.23,3700.68
5033.82,4734.33
5521.44,7115.64
5757.3,3558
5771.02,2435.96
5969.68,10056
6588.85,8836.83
6654.56,3463.92
7208.06,8075.77
7233.06,9037.3
7323.5,8154.18
7347.54,8068.48
7411.06,3978.3
7436.93,7737.72
3450.26,8371.46
3816.88,3197.03
3854.58,3377.48
4233.17,6415.63
4449.69,8322.68
5544.4,11147.7
5553.59,6929.39
5994.27,8386.75
6073.08,8573.75
7079.45,6101.34
7142.07,7916.46
7143.44,8007.24
8065.74,3776.87
8206.19,3085.33
8278,3575.67
8292.84,3190.45
8326.1,3156.44
8361.34,3563.59
8470.64,3527.07
2457.42,5203.64
2911.63,5572.06
3980.34,3267.42
4974.55,2566.62
5188.95,3168.34
5217.82,2892.6
5224.96,2729.29
5236.83,2664.79
5314.68,2358.64
5322.14,2885.67
5365.25,2647.54
5443.57,2868.99
5458.34,2459.96
5512.69,2900.08
5546.88,7860.62
5602.73,4209.73
5639.88,7074.59
5662.97,2849.3
5703.06,3688.21
5780.56,2974.4
5803.84,3455.83
5804.17,3600.66
5893.73,3443.73
5945.01,3233.5
5952.4,8546.34
6024.93,8443.51
6081.79,8783.6
6097.2,8416.7
6128.09,8768.21
6242.46,8561.21
6350.89,5367.19
6435.13,8978.74
6515.83,7662.98
6520.18,2504.85
6739.73,8905.69
6743.7,5412.53
6761.99,6049.38
7038.74,6194.74
7136.69,6251.54
7184.24,8090.93
7364.21,8977.12
7878.66,3873.28
8303.25,3375.49
936.056,11985.1
2498.59,2184.31
4358.35,3562.84
4422.44,3907.34
4433.6,4060.06
4700.39,4021.43
4986.56,10271.9
5048.69,4717.98
5314.97,2813.77
5744.95,2436.1
6023.6,9165.74
6039.55,8851.38
6232.24,8588.78
6380.99,3150.39
6593.7,3473.87
6807.15,2723.84
7122.3,7913.55
7193.31,7848.64
7225.86,8062
1079.14,674.158
2671.9,5404.89
3054.39,6194.31
3316.05,6235.05
4293.92,7747.31
4660.84,6522.67
4959.9,6515.11
5376.64,3463.17
5533.67,6925.88
5831.28,8519.96
5962.21,8525.19
6227.9,8561.04
6374.81,7560.92
6558.34,8976.75
6859.51,8920.9
7009.85,7881.99
7022.09,8901.43
7057.34,6038.85
7145.29,6181.43
7155.33,7998.72
7512.81,5717.8
7721.06,8965.48
8541.21,7700.45
3520.19,8363.52
3827.65,3269.98
3867.48,3182.01
4719.59,2935.89
5004.58,2578.16
5220.39,3161.5
5251.44,2731.63
5267.2,2675.63
5321.63,2518.98
5342.02,2375.6
5410.43,2917.67
5420.26,2306.73
5424.36,2719.14
5447.67,2664.42
5471.81,2420.57
5564.48,2888.63
5657.22,4204.69
5668.05,2881.09
5693.52,3720.15
5766.27,3368.83
5820.86,3576.58
5919.91,3250.18
5978.8,8724.39
5998.13,3516.74
6113.56,3615.73
6514.77,7636.04
6756.07,5372.79
6953.2,7118.51
6983.03,3918.63
6994.58,7236.18
7062.14,6216.87
7364.09,8057.32
7852.52,3907.79
7908.57,4571.91
8083.27,3758.94
8115.74,3796.97
8183.43,3050.18
8253.96,5792.82
8297.19,3528.59
8334.56,3382.62
8341.96,3673.3
8395.99,3366.68
8402.23,3483.86
5775.78,3581.28
7025.03,7865.68
7190.31,8119.98
7708.65,6194.47
7866.88,3586.23
958.143,12004.9
5076.74,4347.43
5776,3568.08
6132.3,8786.52
6418.81,2896.96
7009.97,7865.7
7196.53,8108.4
7377.27,8047.85
7850.6,3583.21
8302.39,3383.91
956.319,11991.9
1333.34,1858.44
3314.35,6079.52
3340.53,6239.98
3679.8,3486.93
3863.27,3377.28
3920.43,3079.04
4109.16,6685.25
4595.85,6258.75
5034.47,4700.29
6898.39,3400.05
7577.91,4701.37
7634.36,10664.6
7719.5,4643.57
7753.48,4760.92
2947.66,5683.97
3064.05,6179.48
3075.96,6582.47
3081.17,6417.7
3178.35,6872.22
3185.81,6385.78
3214.91,4967.62
3966.38,5106
4105.27,6842.45
4165.95,6160.41
4552.04,8179.17
4662.93,6505.16
4714.1,6833.01
4733.67,7211.78
5456.65,9138.87
5569.7,8711.59
6625.15,6002.14
6957.6,6136.93
7342.32,9194.3
7615.15,10739.4
5768.2,3583.24
5777.24,3573.95
7017.61,7865.73
7028.54,7872.69
7182.63,8118.28
7194.93,8114.18
950.958,12008.1
958.46,11997.5
1564.37,4655.83
3008.82,6236.61
3196.28,6427.41
3755.8,4674.56
8446.8,3360.43
6420.62,3459.67
6680.92,10866.6
7207.72,6393.35
7469.1,5845.4
7983.25,4169.8
8037.89,3920.37
8077.23,4424.04
8198.32,4010.45
8288.55,5166.33
1622.9,4617.17
1827.9,1687.89
2583.93,5537.79
2633.21,5184.72
2945.68,2955.96
3690.82,4194.87
4235.05,4457.21
4261.26,6541.87
4454.14,8239.55
4491.48,8369.28
4496.4,8308.72
4555.1,6536.14
4615.3,6687.69
4735.23,7055
4761.92,8520.84
4830.8,2647.2
5038.41,3696.05
5107.77,7084.32
5247.17,2859.5
5290.81,2926.5
5303.61,7127.04
5322.22,2894.14
5465.16,2800.41
5757.29,3566.35
5780.22,2446.91
5797.39,3621.63
5882.33,3675.51
5883.52,5246
5928.03,9462.73
5967.03,10047.6
5993.66,10136.2
6458.48,8691.43
6595.5,8825.92
6670.75,8144.57
6986.38,7201.21
7025.34,5413.66
7078.56,6093.78
7079.07,12193.5
7080.61,6012.62
7088.69,6892.26
7101.83,7183.28
7119.23,7050.9
7200.27,8072.87
7311.7,8142.73
7318.63,8067.92
7339.74,8049.19
7404.78,3983.82
7480.52,7882.09
7633.01,6387.73
7692.35,10771.8
2920.29,5571.84
3585.52,8755.34
3792.81,8887.45
3824.86,3199.67
3978.36,3259.48
4454.25,8329.77
4520.8,8448.88
4576.85,7693.05
4617.57,8024.57
4862.92,8649.31
4971.71,2558.52
5174,2603.97
5181.99,3163.23
5220.86,2721.95
5233.66,2656.99
5234.88,2446.74
5255.88,3172.97
5267.88,3037.37
5295.34,2546.55
5313.24,2350.19
5316.21,2778.33
5349.17,2723.1
5421.36,2743.96
5436.59,2651.43
5453.29,2709.47
5493.11,2450.2
5494.86,2738.36
5547.17,7869.06
5560.39,6962.17
5561.02,6933.4
5600.83,4201.59
5612.28,4249.18
5621.53,2823.87
5634.31,7080.69
5654.93,2852.09
5658.51,3255.59
5675.01,2876.76
5687.96,2898.02
5689.43,3616.8
5697.49,3739.58
5896.9,3436.16
5950.75,3239.25
6354.59,5374.71
6355.23,7487.02
6421.63,8475.03
6456.9,3699.4
6502,7613.06
6506.87,7637.5
6524.46,7662.95
6532.51,8907.54
6532.68,8926.27
6602.37,7540.43
6770.67,6049.41
6778.18,5401.84
6859.53,8943.03
6883.11,8923.95
6899.82,8751.62
7013.72,7270.09
7017.62,8908.25
7038.95,6186.21
7079.45,9070.8
7098.69,8106.19
7117.66,6735.78
7128.21,6251.83
7134.78,7928.26
7141.01,8786.03
7144.65,7997.26
7150.14,9007.18
7158.95,8024.82
7180.26,8098.3
7206.63,3654.48
7209.08,7829.63
7216.11,5825.16
7263,9014.25
7272.57,8939.78
7281.08,4039.66
7336.79,6454.09
7340.65,8073.21
7369.45,8075.44
7372.38,8975.95
7382.28,3855.01
7395.69,3720.33
7444.41,7741.59
7449.66,6319.91
7601.55,9324.06
7722.49,8957.58
7723.54,8981.16
7848.85,3872.78
7877.51,3881.74
7954.3,3924.98
7955.81,3735.48
8040.71,3247.51
8070.3,3769.41
8094.36,3588.38
8175.33,3258.67
8176.6,3054.65
8184.48,3745.25
8219.05,3093.29
8247.03,3180.17
8275.37,3521.42
8296.39,3159.83
8304.92,3287.05
8332.73,3374.77
8334.77,3155.55
8353.17,3561.79
8353.93,2989.52
8357.83,3370.65
8404.14,3151.13
8468.77,3558.76
8470.81,3518.74
937.224,11993.4
3649.39,8536.13
4018.83,4778.76
4252.33,4181.9
4646.05,3463.9
4701.2,4180.17
4869.55,2306.64
4988.52,10293.2
4997.51,7341.66
5099.33,3682.48
5150.14,2249.57
5236.02,7000.41
5287.68,2744.88
5305.47,2588.15
5331.66,2977.95
5379.87,2754.07
5390.96,2629.37
5414.12,2693.47
5448.48,6929.54
5560.25,3975.67
5561.57,2809.54
5794.4,3553.64
5872.56,8827.65
5918.45,8435.35
6354.31,8753.09
6693.5,3218.76
6754.45,8857.19
6989.11,7089.02
7015.09,7967.02
7112.8,7828.87
7116.72,9147.92
7283.8,8789.24
7327.81,6246.6
7330.95,7617.59
7361.17,4015.3
7552.69,6254.51
7679.17,7929.73
7849.31,6576
8066.9,3962.5
8096.93,3805.53
8154.1,3983.63
8218.42,3440.86
8242.24,3808.88
8252.51,8718.33
5495.23,11676.1
5512.71,11640.2
7728.33,3108.57
8509.99,3749.55
9297.94,3729.91
955.499,669.609
995.381,670.711
1642.96,4659.97
3066.48,6223.18
3797.14,3348.85
3914.19,3047.12
3950.86,4688.21
4085.89,3470.5
4235.87,6423.58
4296.72,6817.7
4513.06,4276.81
4598.7,3974
4657.33,7356.76
5039.94,3862.93
5215.05,3737.46
5402.94,2667.63
5509.96,11162.8
5519.81,7122.79
5730.35,3781.26
5745.08,3632.86
5885.72,3644.18
6017.72,3069.7
6027.36,9582.68
6227.79,2859.08
7129.89,8934.9
7192.18,8007.31
7596.93,6538.13
8154.62,3722.46
4856.65,2382.95
4886.14,3571.28
5443.65,2755.38
5467.26,2683.92
5595.51,2712.47
5687.08,8724.02
5880.26,8421.74
5945.54,8696.02
5978.19,8392.11
6020.44,8564.61
6060.49,8702.43
6165.84,8587.12
6168.31,8629.62
7435.6,8842.42
7702.53,3692.26
8174.4,3079.31
8210.36,3282.59
8213.12,3037.58
8291.01,2868.26
8291.02,2868.29
8540.23,3274.63
3912.38,3054.63
4300.42,6829.12
5316.75,2923.76
5398.24,2658.08
5405.95,3681.9
5512.26,11170.1
5574.58,2833.79
7030.62,7919.64
7101.4,7160.19
7124.85,8940.64
7172.87,8011.35
8335.09,3286
4846.56,2551.54
5110.47,4181.91
5225.36,3184.69
5412.87,6835.95
5435.01,11382.7
5484.81,2490.94
5609.64,4227.52
5837.05,3355.49
6020.71,3077.93
6073.75,8918.64
6771.09,5442.86
7060.05,8896.4
7101.01,8903.06
7190.14,8000.02
7497.08,3658.25
7860.24,3837.03
8098.19,8818.7
8289.91,3250.58
3432.36,3543.26
4052.36,3709.54
4308.86,6852.49
4880.86,3576.91
5098.41,4214.53
5161.44,1216.4
5186.98,3042.79
5267.42,2881.69
5272.32,2779.06
5348.57,2749.62
5373.58,2712.06
5385.94,6986.16
5393.52,6864.84
5460.21,2735.95
5606.4,11234.9
5648.19,4273.49
5725.86,3775.19
5737.53,3633.49
5977.94,3563.2
6917.31,7204.37
6951.65,7145.18
7180.35,9057.76
7190.97,8044.05
7201.41,8894.56
7244.87,9050.44
7631.9,10738.7
7661.83,3979.12
7677.81,10763.2
8238.06,3036.34
8259.58,3163.59
8261.24,3260.31
8305.25,3003.45
8342.94,3462.47
8442.63,3351.69
3443.18,3541.11
4041.32,3712.85
4877.1,2371.47
5121.74,4178.27
5424.67,6834.97
5472.37,6993.02
5475.13,2484.29
5484.72,7046.79
5556.82,2706.15
5564.73,2859.86
5566.53,11219.3
5622.09,6993.12
5786.92,2982.91
6083.55,8923.28
6529.8,2509.36
6761.13,5436.46
6902.34,8822.62
7050.92,8890.36
7057.74,9265.89
7114.55,7044.79
7206.43,9052.2
7210.92,8888.7
7613.76,10706.7
7681.36,10743.6
7868.17,3846
7878.24,3624.19
8103.39,8809.03
8205.39,8752.54
8264.71,3214.91
8297.46,3241.21
8310.45,3048.26
8335.87,3297.06
8473.64,9114.93
5079.72,4477.84
6103.16,8957.08
6963.09,8832
7934.38,9080.43
8365.93,3120.23
5472.79,7011.21
7101.43,8925
7302.64,8038.7
8135.75,3143.97
8217.07,3217.42
7093.96,8920.78
7625.42,10715.4
