11461.6,7482.23
7095.14,2744.24
10164.5,12074.1
10233.5,11966.1
11254.5,4325.58
1424.58,9292.77
1498.43,9189.26
6525.74,5616.53
6577.24,5579.4
6923.15,11357.8
6939.56,11659.5
6982.92,11358.9
10268.5,12019.9
11239.1,4250.41
11267.8,4315.39
13419.7,3284.54
13462.1,3317.23
13472.2,3301.65
6538.85,5607.39
6569.9,5594.4
6857.39,11492.6
6911.41,11445.2
6912.34,11357.3
6930.98,11688.1
6959.94,11682
6972.89,11371.8
6980.94,11334.6
10136.5,12030.6
10203.4,12063.5
10229.1,11983.2
11233.8,4296.2
1318.11,9322.81
1326.54,9226.03
1330.02,9338.64
1331.72,9239.19
13373.2,3291.29
13402.2,3243.88
13408.5,3337.6
1343.63,9204.33
13442.6,3360.54
13454.7,3278.94
1346.14,9348.79
1353.07,9190.39
1353.14,9296.67
1363.71,9321.67
13643.2,2921.68
1366.39,9351.3
1371.24,9233.75
1380.28,9186.94
1384.39,9320.84
1388.82,9241.61
1398.94,9189.8
1404.05,9319.12
1407.73,9247.79
1421.89,9191.05
1421.99,9311.48
1427.04,9271.15
1437.74,9307.78
1441.14,9186.95
1467.1,9161.98
1468.55,9259.32
1472.29,9184.93
1478.45,9194.11
1482.21,9162.16
1494.96,9208.95
6849.12,11414.7
6867.61,11508.9
6886.85,11364.3
6926.89,11688.7
6931.59,11342.3
6934.45,11375.1
9276.03,13501.2
9286.02,13488.1
9291.45,13513.2
9301.35,13500.4
10323.3,12063
11197.6,4222.75
11240.7,4315.22
11273.8,4327.09
6853.25,11494.8
6904.32,11355.3
6963.27,11694.5
11159.7,4259.97
11258.9,4384.4
10200.5,11991.4
10204.6,12029.2
11261.3,4298.64
11205.7,4278.04
11266.2,4323.18
1474.74,9154.28
6617.59,5553.07
11209.1,4223.71
11283.7,4320.95
1335.56,9347.61
13470.7,3365.9
13473,3366.19
13498.4,3290.05
1414.56,9318.68
6615.43,5591.41
6895.45,11523.2
6973.26,11667.2
7129.3,2719.26
10042.8,1775.48
10098.9,1645.38
10141.8,1778.65
10218.4,1622.5
10249.8,1782.22
10968.2,2707.88
13003.7,9787.04
13071.6,9984.37
13079.6,9887.2
13144.9,9856.77
14150.5,13242.6
14157.1,13296.4
14189.7,13132.2
14249.8,13282.3
6926.28,2291.95
6983.01,2336.28
7090.34,2511.13
7178.97,2277.98
10038.6,1779.71
10100.2,1647.06
10127.1,1777.6
10220,1631.67
10249.1,1780.23
10966.5,2708.06
13005.3,9787.53
13072.8,9982.06
13083.2,9887.85
13144.9,9856.75
14146.5,13253.1
14157.7,13294.9
14187.7,13132.2
14249.8,13281.2
6927.33,2295.45
6977.27,2343.52
7096.52,2502.86
7176.61,2289.92
1136.41,2431.27
12276.9,9478.28
2670.58,5278.95
3074.34,12668.9
6538.76,2301.59
9551.47,13667.4
10419.6,2364.78
10641.2,8016.28
11248.4,12216.3
11836.2,14351.7
12031,9161.18
3065.11,7971.38
3811.46,8947.02
6009.4,7811.75
11568.6,14736.6
6788.78,2479.5
10482.7,2360.75
12744.5,9593.2
3630.9,13029.3
3801.49,8924.71
7921.21,12556.7
10442.9,2344.35
11446.9,14874.8
12057.8,9102.49
13840.3,13309.6
13907.4,13180.9
13940,13293.1
2764.17,5238.47
2814.63,12387.6
3380.34,12900.1
6660.91,2345.38
6769.51,2525.13
6835.38,2388.19
6853.52,2556.61
6898.5,2560.36
6901,2484.05
7872.43,12687.1
8115.92,12764.7
12013.5,9075.99
6674.1,2378.03
10114.1,5400.65
10355,7405.4
11989.7,3826.89
12448.8,8674.25
12662.7,10048.9
3120.45,7695.09
3980.5,4711.48
5803.23,2753.57
7008.41,7759.3
7610.96,5196.18
8383.93,7339.24
9304.26,8817.19
9464.75,8922.8
9508.56,8873.74
9663.36,9351.06
9796.63,8725.97
9896.65,12455.4
10250.5,9500.9
10656.5,7895.2
11113.4,11966.2
11345,12535.3
11754.2,6399.38
12276,9179.31
12307.7,9122.48
12678.2,9613.89
12710.1,10048.9
12929.9,6980.58
13204.3,5433.23
13457.9,13058.5
1382.43,4081.07
1706.42,5064.25
1941.24,11984.7
2258.19,15287
2400.71,14724.4
2667.44,5968.13
2806.04,12168
2976.19,6749.09
3229.2,13710.3
3702.72,8260.23
4091.24,9136.78
4626.13,6793.47
5021.67,13051.1
5266.54,10566.4
5312.74,8644.07
5775.45,8693.96
6228.26,3799.07
6461.15,6188.7
6966.16,7734.08
7081.56,3147.22
7636.8,12876.9
8053.88,3334.6
8325.23,12830.9
8401.62,12217.5
8806.68,13117.7
8833.67,13154.7
9681.31,8931.24
9716.06,13151
9723.41,1993.36
9753.69,8728.15
10128.5,13450.9
1029.74,9965.15
1146.62,12314
13314.4,14760.3
13495.9,13903.5
13745.8,14129.6
13791.5,12867.6
1408.81,4047.44
14188,14838.7
1496.29,10660.4
1563.44,11954.3
1574.65,10414.3
1634.77,9857.8
1808.3,9146.13
2013.97,15169.7
2256.11,10899.7
2318.31,10250.5
2584.94,5359.93
2766.42,12138.6
3204.49,13723.7
3905.03,15270.7
4206.63,12920.1
4481.88,13205
4675.35,12385.5
4850.53,15220.8
5069.96,13055.2
5348.03,8654.7
554.817,5393.43
6412.25,14438.1
7731.46,13149.2
8149.11,12136.1
9164.78,14844.8
9187.28,3801.9
9342.74,13092.8
9443.97,14405
11333.2,6644.22
13183.4,14922.8
2865.09,9740.52
2877.16,12604.2
4563.78,4529.31
5070.93,13092.7
6338.03,7695.27
1667.41,14314.6
3675.72,14831.4
3984.6,11780.5
3999.39,11885.3
4024.56,11868.2
4093.72,10744.7
4582.31,9649.1
4585.48,9665.26
4587.43,10619.6
4835.04,10258.5
4847.65,10264.9
5026.61,9993.58
5044.1,9969.65
7794.8,14762.4
8046.54,14620.3
1635.65,14355
1646.72,14336.5
1683.84,13935.1
1954,3421.56
2096.77,3505.74
2141.93,3383.7
2220.42,3354.89
2512.93,5059.18
2515.72,5098.34
3620.94,14916.4
3988.82,11797.9
4020.23,11785.6
4626.71,10491.9
4663.11,9595.98
7785.9,14774.9
7992.94,14589.5
1649.04,13991.4
1671.98,14028
1687.71,14368.4
2501.86,5112.98
2535.28,5078.26
3680.43,14763.2
3711.78,5954.56
3986.36,11823.9
4014.25,11806.9
4621.95,9713.61
4631.23,9567.91
4756.57,10271.3
4864.56,10269.4
540.584,11079.1
7827.8,14814.8
3649.5,14944.5
3656.5,14937.6
7090.91,14531.9
8505.85,13976
8538.4,13998
1390.21,14436
1695.7,14180.5
2464.74,5132.11
3683.86,5980.56
4049.63,11712
4482.56,10816.8
4627.09,9660.26
4713.09,10337.7
500.348,11066.5
5160.69,2323.39
1070.09,6689.63
1070.28,6657.46
1070.31,6667.64
1070.38,6646.69
1070.63,6619.97
1072.76,6608.42
1075.28,6596.95
1078.25,6585.34
1092.34,6673.42
1092.46,6684.62
1092.53,6658.89
1092.61,6647.89
1099.92,6595.67
1104.3,6581.25
14819.4,14574.9
14836.8,14554.8
14839.6,14587.2
5947.6,14295.1
5962.06,14296.1
5991.23,14278.9
6007.63,14279.4
6022.13,14281.9
7061.87,4277.74
7081.86,4316.02
7085.24,4302
7085.56,4285.99
8439.83,13978.1
8441.95,13962.7
8452.01,13931.5
8454.24,13989.1
8459.87,13973.2
8461.63,13905
8464.52,13870.1
8466.48,13936.3
8474.78,13982.5
9055.19,12725.9
10041.5,15297.9
1059.36,9977.99
1059.78,8033.09
1155.33,8837.75
1194.04,6209.71
12385.6,14349.9
12746.1,15064.2
14035.2,2912.27
14649,14621.5
14654.4,14039.6
174.777,7480.27
1956.4,12130.7
2182.76,7874.58
2205.59,14810.2
2281.83,5156.57
2396.34,14740.9
2410.71,5238.91
3077.51,15259.3
3544.21,12498.1
370.772,4642.15
4133.19,14973.7
4874.63,12064.8
583.275,12330.9
7287.11,13641.8
7568.04,15071
8540.23,15016.9
945.446,5579.52
9707.77,14499.4
10166.7,12028.1
11184.1,4261.29
6948.77,11719.3
10099.1,1818.49
10446.1,2601.22
11241.3,14349.8
12417.2,14196.5
13047.3,10077.2
6246.4,2180.97
6468.74,2490.81
7542.5,3136.59
10193.6,2031.95
10383.7,1662.17
11899.9,14262.7
12064.2,14362.1
12895.2,9981.74
13122,7041.87
13534.6,14230.6
14181.1,13096.3
6520.64,2734.69
6729.16,2760.07
7500.43,3010.56
8338.63,5973.14
11900.7,12542.8
4715.91,10216.3
4718.27,2595.47
10277.2,9515.55
11363.2,12555.4
12230.8,7370.74
12274.7,9108.77
12718.2,15093.4
12895,6996.88
12947,8146.55
1346.85,4063.15
1600.29,10410.2
1704.56,5101.46
3014.12,12322.6
3055.97,7680.8
3105.37,9219.3
3175.82,13592.2
3601.82,6964.83
5023.99,13004.6
5024.81,12975.4
5358.05,8618.1
5754,4591.69
580.766,5449.47
5934.96,10135.4
6247.81,3778.32
6259.95,7758.28
6818.67,15129.7
6945.24,7708.94
7669.48,5162.82
7972.77,11310.8
8037.65,3382.7
8869.64,11668.8
9713.27,8905.96
9792.68,14055.7
9902.42,5430.91
10275.9,9494.28
10277.2,9515.67
11363.2,12555.3
12230.8,7370.7
12254.3,9146.42
12264.5,9127.59
12274.8,9108.77
12718.3,15093.4
12895,6996.79
12947,8146.56
1346.83,4063.13
1600.31,10410.3
1704.47,5101.48
3035.44,12328.4
3055.86,7680.69
3093.14,9201.84
3105.44,9219.39
3175.89,13592.2
3601.76,6964.89
3616.74,6949.58
5024,13004.6
5024.8,12975.4
5045.33,13004.1
5046.22,12975.2
5358.12,8618.22
5754.01,4591.79
5934.9,10135.3
5946.57,10153.3
6226.7,3782.1
6247.8,3778.32
6259.95,7758.28
6277.27,7745.7
6920.69,7743.98
6933,7726.43
6945.27,7708.89
7669.39,5162.84
7688.33,5152.8
7707.25,5142.74
7972.91,11310.8
8848.71,11673
8869.72,11668.8
9713.25,8905.93
9719.17,8926.52
9898.72,5409.86
9902.42,5430.99
10275.9,9494.49
11363.3,12555.3
12230.8,7370.67
12254.3,9146.4
12718.3,15093.4
12895,6996.71
12947,8146.52
1346.83,4063.17
1600.31,10410.3
1704.44,5101.47
3035.44,12328.4
3055.81,7680.65
3093.15,9201.85
3154.77,13588.6
3616.65,6949.68
5045.58,13004.1
5046.2,12975.3
5358.07,8618.17
5754.02,4591.78
586.312,5459.12
5946.51,10153.3
6226.69,3782.12
6277.26,7745.7
6808.55,15126.6
6920.7,7743.99
7707.22,5142.73
7972.92,11310.8
8034.62,3361.47
8848.73,11673.1
9719.17,8926.5
9780.5,14047.6
9898.72,5409.92
2957.27,12632.5
8004.52,12653.3
1033.56,12424.5
10446,12492.4
10700.8,5836.67
11205.3,7258.67
11238.2,5621.25
11326.5,8054.47
11338.7,9194.04
11445.1,5127.35
11611.1,3735.12
12290.6,11440.5
12635.9,12803.8
12725.4,5139.28
13254.5,12790.9
13353.3,15078
1349.99,9859.38
13646,14478.1
13954.3,14844.8
14386.3,15063.3
1460.56,14898.3
14844.8,14074.3
1487.27,8567.04
15134.2,14789.1
1582.25,10646.9
1656.91,8975.9
1677,4697.77
1677.1,4699.01
1697.23,7953.65
1740.17,3234.29
1741.09,3235.07
1805.66,11432.6
1917.95,9408.98
2038.83,3056.11
2114.02,2633.51
2272.06,4280.46
2295.49,8490.49
2487.05,7676.53
257.956,4341.45
2577.32,13904.3
2626.98,11335.8
284.874,9767.64
2966.09,3653.81
3091.28,3861.29
3215.37,6285.02
3227.27,3599.64
3417.97,10188.2
3653.85,6261.16
3818.64,14120.7
386.813,3859.16
386.813,3859.16
3870.86,4433.16
3965.35,12131
4079.73,3865.47
4082.95,6019.38
4391.8,8057.86
4719.95,14977.1
4838.61,4608.08
4852.82,13584.8
4882.92,8148.92
4924.41,10652.5
4944.88,6371.51
5070.67,6277.41
5332.44,7362.93
537.498,9312.41
5468.1,7884.02
5521.02,13834.1
5564.43,15084.1
5646.89,14309.6
6249.65,12220.2
6290.53,14224.5
6376.5,6572.32
6433.83,8472.27
6601.77,15192.9
6693.62,8431.9
6798.01,12984
6854.81,8004.35
7069.72,9941.4
7180.89,14000.8
7237.29,10702.7
7627.54,11780
766.972,6009.88
7699.5,8690.58
787.192,8676.87
7926.15,13360.8
804.915,10798.1
8079.09,15145.6
8288.44,9720.64
8334.15,10675.6
8806.62,10480
8822.7,8651.63
8846.96,6459.17
889.024,4142.66
9163.78,15017.8
9764.21,11710.9
9832.58,14217.5
9905.23,8332.97
9915.05,9631.95
10424.2,1851.24
10525.8,2220.15
11464.4,14239.1
12843.1,9938.37
4170.49,8960.31
5962.87,10350.3
6613.37,2377.69
6997.62,2490.71
7674.08,12591.3
8801.29,11625.4
9606.73,13696.8
10884.9,14710.2
11232.9,13648.4
12179.4,14801.4
12626.4,14528.5
12817.5,13115.9
1292.2,7990.06
1370.03,6787.21
13745.4,14416.2
1386.22,15010.9
14421.3,14291.2
14646.8,14643.3
149.4,3655.27
14915.8,14257.2
1666.68,4933.92
176.655,7858.75
1769.37,8434.57
1798.47,8053.81
2392.97,14754.1
2501.89,11132.3
271.62,5608.93
321.942,12537.5
398.494,4054.39
398.494,4054.39
424.498,9849.13
4363.41,14670.7
4389.99,11895.3
5299.68,13591.6
5681.65,14210.7
576.347,8140.81
597.471,6746.02
6220.55,15335.5
648.777,2311.85
6705.03,13710.3
6862.44,15051.7
7023.4,13568.8
7100.49,12361.1
7426.59,12733.1
797.511,4782.72
80.9463,4423.61
808.584,7154.76
81.1731,10450.5
819.359,3152.31
8207.93,14277.3
878.563,6185.47
8840.97,13879.5
9309.42,15032.8
962.945,6853.9
9940.15,15280.8
10155.3,5318.63
10442.3,8884.1
10736.1,10789.9
1122.08,2417.37
12978.7,10079.3
13369.4,6614.04
13574.3,13304.6
2018.11,2231.48
2701.5,5599.73
300.68,9399.52
3005.71,7461.97
3030.92,12657
3657.04,8986.89
4349.83,13085.3
4726.91,6389.24
5855.49,2208.33
5856.6,10109.7
6695.19,3009.85
7266.92,7657.36
7470.64,12659.3
9518.35,2003.84
2511.26,5261.62
1030.64,13910.7
11191.6,14325.8
11360.3,14387.9
11614,15086.4
11664.7,15098.9
11723.7,14282.3
11882,12419.8
12335.7,12670.8
12456.3,14182.8
1292.47,11524.3
1566.47,14036.6
2521.52,5137.4
3703.01,14776.8
4060.95,11599.9
4157.69,13106.9
4942.97,12969
8614.55,13098.5
11381.6,14400.5
11622.9,15100.7
11646,14239.1
11651.3,15107.3
11684.6,15086.9
11888.3,12434.8
12448,14168.1
12458.9,12544
1284.9,11490.2
1587.35,14053.4
2538.19,5140.44
2563.71,5144.37
4019.86,11615.4
4044.73,11605.9
4146.68,13147.9
4160.1,13122.5
4958.97,12968.8
4959.01,13014.6
7688.35,12698.5
7721.63,14826.4
7721.95,14852.4
7782.53,12698.8
8217.61,12687.6
8629.99,13102.8
10275.3,14159.8
10615.9,14349.6
10631.5,14328.4
10646.3,14332.2
10844.1,14328.7
10859.5,14328.9
11334.8,14477.1
11428.5,14657.9
11486.7,14885.9
11496.1,14898.1
11513.8,14498.1
11553.7,14243.2
11676.5,14434
11685.6,14421.7
11992.4,13779.1
11995.3,13764.1
12090.9,13601.8
12139.1,13749.4
13840.4,13183.5
13921,13336.2
14005.2,13094.2
14013.7,13196
14050.4,13143
2061.72,12151.6
2504.63,5300.47
2520,5299.95
2605.1,5272.4
2605.67,5287.34
2606.33,5302.34
2627.35,5266.06
2627.69,5280.98
2628.02,5296.16
2643.71,5132.21
2681.84,5392.31
2685.03,5407.39
2698.14,12119.9
2707.02,12146.5
2814.52,5328.76
2817.92,5343.73
2970.88,12630.6
2992.9,12655.3
3044.66,12653.6
3329.76,13080.6
3410.04,12994.4
3506.01,13068.2
3702.97,14820.9
4062.72,11794.3
5026.67,12782.2
5637.05,13119.7
5834.5,15207.4
7476.03,13536.1
7664.24,12651.6
7730.2,12710.2
7745.57,12709.6
7786.98,12574.1
7940.08,12742.8
8066.45,12833
8081.26,12837
8158.7,12671.1
8167.78,11008
8703.81,12834.3
9676.08,13751
9687.17,13761.6
1436.82,13682.6
1566.57,13584.5
11851.8,12412.3
3617.28,14947.9
10051.5,1965.34
10208.3,1803.81
10664.9,14333.5
10856.6,2771.67
11195.6,14424.1
11480,7548.82
11702.3,14281.8
11980.6,14296.9
11985.4,9156.39
12363,14355.3
12825.7,9705.76
12974.4,9815.53
13131.6,10344.6
14110.7,13279.2
1830.1,13797.2
1855.97,3434.87
2076.63,3284.23
2188.4,3391.27
2307.44,3686.72
3705.26,6007.92
3740.47,8886.8
3781.35,13087.6
3862.61,8971.27
4123.55,11618.2
4304.05,10988.6
6380.1,2618.75
6481.07,2818.24
6506,2446.44
6581.48,2758.11
7086.32,2555.83
7609.77,5161.96
7730.38,12677.8
8690.86,12850.4
11869.1,12409
12318.3,12528.4
1729.14,14292.9
2526.34,5047.09
10276.3,1823.23
10288.8,1900.14
11834.5,14229.8
11834.6,12469.3
12066.8,3450.92
12958.4,9971.03
13046.4,9997.9
13062.2,10032.4
13077.5,10065.3
13416.4,6098.08
14135.3,13219.5
14144.7,13189
14297.5,13295.6
1539.08,14084.7
3153.36,7913.15
4059.59,10794
4077.54,10762.9
4404.76,2249.07
5117.95,2365.77
5155.55,2376.74
6402.2,2574.55
6503.84,2768.84
6598.46,2510.25
6899.23,2719.78
8596.99,13466.8
13877,13118.9
2738.36,5180.2
3455.1,13162.1
3647.7,14864.5
7050.34,4307.06
8573.71,13968.1
10068.9,1964.03
1030.53,13870.4
10327.6,1902.67
10366.7,2207.79
10664.1,14350
10774.2,2592.14
11314.4,6616.3
11596.5,14824.4
11642.3,15034.4
11799.7,12574.6
11835.8,14305.4
11960.4,8869.58
12268.9,9066.82
12493.3,14150.8
12655.9,9701.19
13082.7,10239.6
13439.1,14267.3
1580.09,14093.8
1645.15,14568.6
1876.19,2128.16
2163.32,4758.1
2728.44,12178.1
2837.83,9266.42
2864.73,9780.38
2970.85,12654.7
3153.94,7972.78
3390.68,12450.5
3411.54,12566.5
3874.88,12987.7
4125.78,11177.9
4131.99,8936.37
4213.3,10348.9
4546.18,9871.57
4639.26,2602.34
4757.18,10747
4867.01,2861.37
5094.39,12766.4
5207.59,9773.15
5664.9,15219.6
6311.89,3756.71
6519.91,2491.35
6570.1,2496.78
6712.42,2694.41
6782.77,2753.33
6836.81,2617.82
6966.2,2619.17
7012.94,2420.63
7021.06,7693.66
7074.81,2661.54
7659.85,12637.7
7884.53,12425
8511.35,12772.4
8796.47,11651.5
9928.91,5457.09
6856.62,2502.47
10460.3,2323.56
11545.9,14694.1
11552.5,14684.1
11562.4,14795.9
11568.9,14624.5
11610.2,14457.7
11613,14755.9
11629.2,14733.3
11645.4,14481.3
11680.9,14536.8
11718.1,14405.6
11735.5,14468.2
6713.01,2363.54
6966.26,2480.56
10022.1,1969.23
10105.5,1880.54
10107.5,1951.75
10425.2,2335.36
11461.7,14865.9
11502,14671.5
11513.8,14574.2
11534.3,14314.6
11544.1,14244.1
11573.9,14841.4
11997.9,9133.98
12082.2,9082.3
13824.6,13273.6
13892.7,13337.1
13910.7,13308.6
13970.5,13148.5
13986,13347.3
13991.1,13250.4
2671.77,5233.41
2691.54,5337.04
2696.05,5227.91
2722.88,5254.72
2789.86,5221.48
2790.59,12379.1
2810.08,5302.73
2866.14,12359.3
2885.8,12396.4
2932.5,12442.4
3352.68,12984.1
3371.12,12885.2
3429.41,12930.5
3430.28,12989.6
3433.34,13116.8
3456.6,12853.3
3693.35,13123.9
3778.71,8847.23
3795.54,8818.16
3826.26,8893.41
7569.74,12614.5
7760.87,12635
7801.05,12578.2
7850.99,12638.1
7889.71,12600.7
7983.88,12564.2
8028.09,12694.7
8035.79,12553.7
8041.01,12797.1
8080.27,12743.5
8108.42,12676.7
8180.7,12777.1
8197.91,12702.6
10415.1,2235.06
10464.3,2393.07
10497.9,2269.63
11482.1,14836.1
11501.6,14245.6
11502.4,14658.1
11760.8,14448.9
12046.5,9128.86
12050.7,9039.2
13834.4,13291.7
13862.8,13240.6
13893.6,13318.6
13898.3,13170.4
2689.44,5191.7
2694.62,5351.49
2708.58,5258.37
2756.41,5365.25
2776.88,5232.79
2800.46,12410.3
2806.43,5258.87
2876.71,12384.8
2937.32,12485.5
2949.56,12452.4
3368.66,12915.5
3406.16,12881.2
3479.9,13090.7
3520.76,13053.6
3571.27,13044.6
3704.41,13139.8
3768.13,8873.26
3805.57,8899.72
3874.51,8931.25
6862.08,2596.55
6887.08,2551.95
7862.87,12602.9
7959.2,12721.6
7983.18,12794.6
8146.26,12698.5
8222.97,12777.4
329.737,7145.31
6589.69,14946.5
1845.78,11442.9
517.188,8223.16
6559.14,15090.9
7580.91,13676
6646.91,15191
234.676,7285.2
7603.02,13496.8
3032.94,13757.2
423.01,6914.84
4349.2,13169.5
172.77,7902.32
2782.76,12594.6
3054.8,13731.6
342.471,7163.44
6625.02,15149.2
10001.4,2043.25
10021.6,10344.7
10138.8,5479.16
10162.7,2097.16
10447.4,2071.24
10554.5,2169.66
10565.3,9674.97
10603.1,8054.88
10703.8,8056.02
10712.9,14297.6
10891.3,12345.1
11027.9,12397.4
11145,6538.26
11198.8,12394.1
11203.5,5366.22
11240,6595.64
11285.6,12240.3
11768.7,12166
11929.6,8928.46
11947.3,12028.9
12010.9,3501.07
12084.4,3619.72
12085.8,7255.89
12090.8,9106.46
12101.6,9383.06
12107.6,13563
12111.7,7286.24
12140.5,9029.43
12184.9,6293.14
12216.7,7305.04
12231.4,13801.4
12253,10984.7
12290.1,9673.4
12322.2,10781.7
12343.2,9033.99
12459.1,9512.41
12822.2,9578.9
12832.4,10115.6
1285.01,12065
12965,8047.76
13147.3,10376.4
13381.3,6308.8
13560.6,13977.2
13794.3,13211.2
14061.4,13214.3
14133.7,13098.4
1661.78,3818.67
1937.24,2232.45
2002.12,7352.76
2500.75,6335.45
2503.45,9636.34
2677.18,10036.4
2765.57,9964.38
3052.2,7827
3095.19,7879.63
3122.35,7980
3317.33,12815
3336.98,3937.06
3365.55,13017.2
3523.93,2454.87
3665.85,2207.54
3668.19,2463.6
3821.76,8876.27
3869.88,9026.4
4179.27,8925.17
4384.39,4694.32
4436,6472.44
4510.17,2397.97
4523.46,9881.82
4895.95,2826.8
5385.23,8589.25
5779.17,2767.8
5867.79,4845.23
5925.87,10183.8
5938.91,10310.4
6272.54,2562.24
6279.99,12681
6287.11,7625.43
6515.6,3561.03
6689.45,2472.9
7522.39,5156.15
7820.84,12706.6
8014.14,12539.8
8300.62,12737.1
8436.07,4956.48
8568.69,11919.2
8691.22,2401.85
8799.7,11567.1
9244.2,4988.25
9465.61,8801.61
9645.22,10445.9
9662.99,6577.28
9836.64,8817.39
10036.9,2058.29
10076.7,5477.4
10261.2,5719.77
10290,10997.9
10324.2,2017.13
10447.6,9794.28
10530.4,9654.71
10584,6984.22
10607.7,9961.44
10648.3,7977
10756.8,8114.05
10758.2,12447
10762.3,10848.8
10950.7,9124.5
11031.6,12451.9
11078.6,12361
11108,12273.3
11204.3,12196.5
11216.7,6609.9
11234.2,5395.13
1124.1,9987.18
11356.5,14938.9
11498.6,6575.09
11603.7,12490.1
11883.4,9180.92
1190.79,12055.8
11902.2,9316.35
11945.6,9173.49
11956.6,3461.36
11967.6,8993.84
12052.9,9179.92
12062,3695.17
12087.5,9012.13
12117.8,7225.93
12146.2,9571.26
12218.1,6275.7
12226,9437.44
12254.4,10896.7
12266.2,9682.16
12298.9,10610
12407.3,14788.1
12469,9548.05
12511,10436.3
12675.3,14629.2
12691.7,9849
12822.1,9965.07
12881.7,10177.7
12889.3,14593.9
12890.7,8312.08
12928.7,15110.5
12956.4,14471.1
13298.6,12942.4
13444.3,6257.51
13541.4,14048.9
1598.87,8973.14
1668.29,3790.02
1802.03,2184.06
1870.1,2276.63
2190.52,11056
2369.65,10968.9
2397.84,11014.4
2506.27,6422.72
2535.08,9690.63
2580.84,6310.82
2654.7,12379.1
2666.55,9942.8
2709.34,5052.16
2783.28,9952.22
2822.1,15168.2
2972.02,7917.25
3004.69,7737.09
3006.28,7996.11
3041.92,12563.7
3191.4,8057.45
3265.31,13204.5
3267.69,12950.3
3426.63,4905.95
3435.67,14786.6
3509.06,4966.39
3666.8,2519.12
3812.08,9082.37
3910.17,8930.44
4357.69,4735.62
4388.53,6390.43
4414.19,4582
4452.97,2403.79
4508.23,2435.16
4536.8,2513.3
4784.78,6757.49
4923.45,15126.2
4931.11,12801.8
5218.1,15059.1
5841.87,3965.65
5854.28,4787.85
5876.93,13539.6
5896.04,10206.4
5932.18,10348.3
5963.41,7884.28
5981.94,10370.8
6158.74,7737.72
6210.01,10375.4
6240.07,12714.1
6280.84,7569.75
6336.71,3289.94
6488.44,2934.27
6503.25,2322.55
6504.18,6167.19
6577.23,14503.6
6653.45,14477.3
6734.65,14389.6
6827.73,12597.5
6835.99,3111.3
7473.88,5023.68
7520.47,5185.11
7558.6,5226.14
7560.35,13656.2
7724.32,12462.2
7828.56,12982.9
8144.01,3204.31
8195.77,11619.8
8480.39,12039.4
8794.05,11587.6
9196.77,3970.18
9286.18,8845.08
9419.61,14742.7
9446.87,13730.7
9496.25,14651.9
9528.85,8829.71
9626.32,6524.8
9980.23,10384.6
10084.4,13285.2
10160.2,2188.26
10236.1,5483.02
10331.1,2047.05
10384.8,9842.49
10423,2084.13
10452.9,2460.93
10567.5,2124.81
10595.4,7846.07
10624.3,2399.35
10661.3,8127.34
10709.6,8011.33
10817.7,12423.2
11026.2,12431.8
11062.8,12523.2
11125.6,6570.65
11219.5,5400.76
11278.2,12161.9
11307.8,12285.1
11379.8,5541
11544.9,12395.3
11817.3,9189.03
11873,13899.7
11904.1,9217.74
11973.2,13961.9
11978.1,3464.13
12014.5,9034.06
12017.8,13782.7
12058.3,3616.72
12078.2,6314.27
12085.5,9145.55
12176.7,9504.18
1220.13,10016.8
12210.9,7226.64
12249.1,9683.02
12263.9,13797.2
12270.5,10935.1
12278.7,8997.38
12310,9521.57
12319.1,10839.7
12325.4,10921.5
12378.2,14847.5
12380.3,9562.93
12454.8,13762.6
12558.5,14812.7
12620.7,14647.6
12768.2,9834.45
12826,4438.81
12833.7,8038.19
12916.9,10217.7
12931.4,6750.17
12965.2,14584.1
12968.6,8293.2
13224,13046.8
13260.5,14492.3
13322.9,12967.1
13323.9,6291.35
13377,6286.75
13423.8,2806.24
13440.6,6275.79
13468.9,2946.79
13605.6,13963.5
13718.1,13321.4
14217.8,14894.6
15121.5,13842.8
1571.05,12004.9
1604.8,3808.55
1624.48,8968.21
1720.26,4004.96
1912.09,2273.67
1970.9,7210.85
2168.14,10978.5
2232.17,11207.2
2235.89,11165.8
2436.06,11007.6
2477.48,6359.65
2547.64,11009.3
2548.31,6266.37
2628.35,12318.9
2647.75,9580.11
2737.54,5130.65
2805.25,9972.95
2896.31,15177.3
3020.12,7818.51
3098.74,8066.09
3265.27,13172.7
3284.18,12855.8
3324.01,4942.76
3358.72,13184.3
3363.53,4916.6
3384.87,3953.69
3390.62,14807.1
3606.54,9016.69
3642.23,2414.72
3758.41,8946.75
410.169,5171.96
4349.76,4676.69
4391.58,6460.18
4419.69,2510.87
4488.86,2418.04
4528.37,15246.2
4535.54,2486.43
4551.54,2380.08
4697.39,6823.05
4976.17,15170.1
5207.92,15084.9
5466.86,8392.88
5703.55,14894.6
5827.19,3984.64
5870.16,10219.8
5871.07,4682.29
5872.53,4592.55
5891.81,13572.3
5903.1,4899.14
5969.09,10381.9
5975.2,7868.42
6041.02,7828.57
6052.45,10427
6128.17,12697.2
6323.36,7575.44
6375.04,15027.8
6451.42,12695.5
6534.97,14385.2
6626.71,2892.41
6988.23,3193.17
7116.87,7638.92
7299.43,2738.44
7473.78,5146.42
7501.74,13467.7
7535.73,12848.4
7537.06,13679.7
7593.76,5187.1
7732.76,3514.02
8042.55,13056.3
8068.99,3292.73
8259.13,12764.5
8463.53,12019
8772.1,11658.4
9224.63,3917.02
9359.57,14538
9367.28,8821.29
9416.53,14718.4
9585.41,14721.5
9616.73,8821.82
9641.35,6582.04
9646.79,6476.53
9957.16,10413.6
10024.1,10382
10045.9,5624.26
10132.8,2173.99
10237.2,9812.75
10280.2,2284.49
10335.2,5514.48
10355.7,2466.75
10416.3,2146.21
10496.4,2054.01
10516.4,2119.98
10578.3,7889.57
10578.6,2146.05
10613.4,2164.62
10644.7,8097.25
10670.4,8111.76
10938.9,12391.8
11031.6,12514.7
11058.5,12453.2
11149.5,12239.1
11194.9,6622.89
11257.5,5441.94
11280,5507.44
11566.7,12387.9
11646,3178.75
11922.6,9214.29
11967.1,13907.4
12002.8,9251.16
12020.5,8954.73
12027.2,9018.8
12040.5,3507.21
12065.9,3541.76
12078.4,6282.13
12108.7,8396.97
1211.79,10052
1212.71,8818.31
12121.6,3515.47
12147.4,13567.8
12222.1,9689.56
12234.9,10886.2
12251.5,10916.4
12279.2,10620.1
12326,9540.36
12466.6,9584.18
12613.3,9479.72
12828.5,4469.23
12910.2,8075.55
12924.6,6784.14
12936.5,10107.3
12942,10207.6
13004.6,14579
13019.6,14989.9
13203.6,7044.12
13291.9,13015.2
13324.5,6308.03
14018.2,15083.9
14085.5,13240.9
15148.6,13862.6
1658.73,3735.89
1703.47,3869.77
1798.71,5082.62
1858.42,3885.22
1884.57,2298.08
1980.22,7258.71
2224.3,10992.9
2246,10970.9
2274.31,11237.1
2409.24,6372.36
2465.22,10974.1
2510.8,6273.4
253.919,3777.52
2584.54,5473.03
2586.17,11004.4
2665.63,10063.1
2735.62,5075.95
2750.46,9852.18
2804.66,5465.75
2887.33,5274.18
2954.12,15198
3003.69,7873.84
3012.38,7767.41
3020.75,2550.57
318.092,8563.86
3210.68,8130.01
3336.16,3971.28
3348.89,13201.1
3390.02,14875.4
3399.14,4921.55
3441.72,13217
3622.13,9008.35
372.98,5188.77
3933.31,8781.61
3968.08,14871.8
4337.22,13733.9
4405.6,3963.13
4422.68,4612.74
4459.52,2421.68
4573.32,13169.9
4766.21,6849.08
4840.78,15167
4910.37,11850.5
4910.65,12834.3
5050.09,15140.1
5380.07,8543.32
5438.47,12701.5
5457.94,8508.91
5672.65,14882.8
5839.67,4675.02
5854.01,3994.38
5931.12,13578.9
5937.57,13523.6
5945.83,10252.9
5982.43,7904.88
6038.38,10484.8
6095.02,7710.22
6174.26,7712.24
6186.02,7667.18
6202.32,10355.8
6300.65,2523.6
6350.84,3271.64
6352.94,7528.22
6360.7,2320.01
6396.45,12684
6417.56,2240.81
6448.3,12733.1
6465.5,14462.5
6577.36,6257.98
6740.75,14306.8
6791.49,3129.69
6820.24,12577.1
6829.26,2664.26
6846.83,3169.99
702.406,5641.48
7030.61,3151.6
7056.29,7665.03
7133.07,7630.77
7170.8,7711.85
7321.17,2768.95
7465.94,13510.7
7495.86,13778.1
7525.53,5215.58
7561.1,12856.6
7570.93,13333.9
7592.46,4971.45
7954.95,13059.8
8126.88,3160.2
8712.01,11869.6
8772.39,11676.3
9114.85,4110.77
9182.5,3835.7
9333.73,13676.5
9459.83,14719.3
9459.93,1866.82
9552.3,8844.54
9582.83,13374.3
9587.36,6619.18
9621.1,8792.07
9699.61,6523.88
10075.9,10366.8
10126.4,2194.81
10145.2,2137.3
10314.3,5494.23
10340.5,9832.23
10390.5,2471.16
10480.8,2074.12
10481.1,2017.14
10491.9,12510.8
10533.2,2129.43
10567.6,9637.57
10584.5,2111.63
10596.4,2151.22
10617,8070.79
10632.7,2436.41
10658.3,8149.06
10756.7,8051.73
10907.7,12388.2
10966.7,12314.3
11008.1,12451.5
11258.2,12249
11325.4,5501.74
11396.8,6578.53
11596,12469
11793.3,8999.99
11944.3,9304.7
12001.8,3467.26
12068.2,3671.09
12086.1,7334.39
12139.3,9465.83
12180.4,3554.45
12195.2,7291.77
1221.9,8761.43
12245.3,10942.3
12251.7,6289.12
12286.2,8519.02
12316.4,10584.9
12334.8,10967.9
12364.3,9704.59
12502.2,9547.52
12681.1,4375.38
12884,8067.64
12915.6,10142.5
12938.2,6726.93
12982.4,14610
13049.2,14408.1
13051.4,3238.53
13135.7,14928.4
13185.7,13147.6
13204.9,7011.47
13316.8,12997.1
13327.9,6277.75
13412.3,6331
13426.1,6364.17
13466.8,2922.81
14068.2,13270.2
14099.4,15054.8
14167.9,13044.1
14518.5,14640.8
15200,13884
1633.58,3830.49
1655.41,2204.71
1696.58,3892
1782.3,2345.29
1969.87,7399.53
1991.75,7288.16
2189.49,11019.7
2271.49,11004.8
2276.14,11178.6
2464.76,11016.3
2509.46,6364.09
2519.74,10976.2
2566.06,5491.02
2567.6,11026.2
2588.44,4975.23
2687.16,5118.11
2759.09,5068.42
2762,9890.86
2822.4,5481.9
2931.65,9977.34
2939.28,7717.05
3016.53,8018.49
3048.18,15230.2
3075.75,7791.29
3129.27,8030.76
3193.55,3991.79
3362.91,4961.26
3421.59,13274
3526.8,14547.6
3603.15,2518.01
3883.75,8814.47
4335.72,4611.85
4391.57,2490.06
4468.94,2366.3
4639.5,15092.9
4707.13,6860.21
476.549,5235.92
4893.11,11811.7
4917.32,15094
4965.61,12811.5
5205.86,14946.4
5206.51,12667.1
5411.91,12728.3
5426.44,8551.47
5845.39,3930.15
5874.4,4657.74
5884.93,9968.81
5900.76,13602
5904.92,7986.76
5968.41,13491.5
5989.91,10391.8
6035.05,10304.4
6092.46,7681.51
6123.71,7711.65
6128.59,1996.86
6200.43,7655.08
6298.8,2660.81
6386.55,2296.58
6419.99,12687.7
6437.92,2907.54
6467.76,14905.8
6478.01,3601.34
6562.29,6026.63
6736.93,14235.5
6782.07,5594.97
6821.67,3140.74
6856.22,2677.83
6867.16,3058.79
7036.89,7748.6
7063.87,7648.64
7135.55,7682.72
7472.4,13297
7473.12,5122.85
7788.14,5271.99
7908.45,13031.7
8015.26,3305.02
8088.83,11502
8419.61,6658.84
8486.61,12073.9
8487.64,12073.3
8772.73,11726.8
9132.14,3754.71
9146.82,3839.34
9345.14,2029.64
9382.88,13682.5
9495.93,13748.4
9504.48,8808.65
9633.44,6561.02
9738.51,12964.4
9867.14,8779.42
10002.1,10388.6
10098,5466.86
10170.3,2162.79
10265.8,2464.59
10310.7,9620.1
10407.2,2074.99
10452.3,9906.33
10490.3,10024.9
10578.9,2316.44
10631.9,7955.76
10634.7,8122.25
10666.9,2334.72
10771.2,14429.6
10891.3,12374.2
10966.2,12445.2
11002,12508.5
11075.4,12256.5
11159.3,6590.87
11219.6,12221.7
11231.6,5413.1
11597.4,12390.7
11807.2,9031.18
11819,9233.92
11925.9,9175.17
11983,13875.2
12052.3,3716.89
12068.8,9163.99
12071.8,11995.3
12082.1,9361.21
12084.6,7300.35
12104.9,13685.3
12165,13647.8
12168.5,3487.7
12175.2,7291.61
12189.2,9032.31
1220.49,12050.5
12256.9,6258.75
12296.7,5566.07
12347.4,10625.2
12400.5,9560.4
12469.9,8249.6
12486.3,9517.69
12519.4,14755.3
12644.3,9453.37
1265.34,8904.68
12808,15059.5
12819.7,10157.4
12831.6,9986.46
12842.9,14577.2
13030,14541.8
13281.3,12976.6
13299.5,6292
13396.6,12839
13398,6262.47
13401,5458.3
13500.8,2855.55
13740.3,13324.5
14203.8,14869.3
1561.27,12046.6
1725.29,3796.68
1757.93,2252.02
1940.06,2198.01
1978.97,7370.81
2052.75,7307.13
2226.06,11143.2
2541.03,6402.25
2545.31,9617.01
2630.33,5057.44
2694.96,12375.8
2728.48,10098.3
2730.4,9906.64
2781.42,12259.7
2836.83,5416.2
2988.87,7848.18
3018.2,7895.24
3118.17,12586
3267.9,11266.2
3292.22,13188.2
3368.16,3929.48
3414.13,12638.3
3422.65,14834.3
3569.38,2522.15
3604.36,13945.3
3708.24,2473.39
3735.42,8929.52
3766.92,8805.85
3779.73,9051.68
3979.73,8816.55
3993.96,9181.07
4106.42,8984.39
4388.23,4567.53
4523.62,2374.95
4530.19,6362.81
4647.15,12373.5
4668.36,4691.97
4729.58,6663.23
4870.25,5662.31
4873.05,2802.57
4895.14,15006.8
4897.9,12799.5
5412.62,12567.2
5690.17,13587.2
5856.04,10202.5
5899.41,13529.4
5941.88,11206
5956.22,7899.4
5959.53,10271.7
6018.76,5598.39
6091.31,4892.64
6230.62,12676
6301.79,2546.59
6341.9,7566.83
6411.6,3179.87
6463.38,6150.74
6921.91,2629.92
7037.23,7722.14
7074.84,7629.42
7461.88,4735.31
7525.52,13547.8
7534.4,13727.6
7543.79,5261.7
772.91,5341.01
7894.92,12725
7923.5,12533.9
8041.72,7079.28
8083.96,12556.2
8212.82,12225.6
8244.61,13123.7
8420.73,12745.2
8525.18,12049.2
8635.28,11836.5
9411.91,14683.2
9523.81,8800.7
9609.72,6558.4
9969.5,1990.77
10004.2,2080.71
10007,2624.14
10177.4,2230.81
10212,9847.76
10276.6,5747.88
10282.4,2443.42
10292.6,3819.14
10301.2,5515
10553.8,9876.19
10589.5,2355.49
10609,8112.55
10704.6,14379.5
10782.2,8103.92
10983.7,12448.8
11006.7,12423
11014.3,12482.1
11050.1,6670.41
11092.5,12243.9
11151.8,12216.2
11254.8,6563.82
11299.7,5492.42
11429.2,14962
11573.2,10675.2
11592,12445.4
11841.8,9034.16
11863.1,9182.05
11927.4,8951.31
11947.3,13839.2
12026.7,3617.32
12065.4,13667.5
12068.2,7211.26
12105.8,9126.16
12150.8,13694.3
12160.6,9544.1
12162.9,9485.43
12239.3,10969.4
12290.1,6269.44
12352.3,9729.96
12364.8,10817.8
12375.8,14894
12392.9,9532.43
12727.3,9851.06
12859.1,4478.85
12863,10188.8
12890,5653.39
12932.6,8004.24
12986.4,14570.8
13096.9,14987.4
13296.5,6318.91
13366.4,12833.1
13399.4,12975.1
13822.7,13167.7
13858.9,2886.1
1418.57,11942.6
14328.2,14811.9
1537.6,12037.4
1689.46,3788.54
1822.75,2189.47
1972.24,9152.95
1991.98,2236.37
2240.16,11017.1
2443.92,10979.1
2473.56,9625.72
2483.7,6396.53
2511.32,11990.3
2603,9813.38
2673.3,5094.85
2687.66,12317.7
2767.57,10042.4
2787.61,9908.25
2797.27,3112.53
2815.02,2728.3
2999.73,7932.21
3017.08,12541.8
3045.43,7792.16
3118.96,7897.32
3271.11,13112.7
3300.36,13220.2
3467.91,2561.64
3499.85,8387.83
3515.65,14727.4
3668.21,2434.07
3839.13,8732.08
3885.61,9062.87
3897.87,3577.75
3980.9,13931.7
4323.9,4630.78
4448.54,6375.41
4458.5,2452.8
4459.44,2341.16
4739.33,6855.25
4917.78,5642.1
5164.05,15045.6
5276.6,8551.37
5452.76,12537.3
5854.73,4723.78
5901.75,11368.7
5916.31,13566.2
5949.3,10391.7
5982.34,7835.16
6029.62,10463.7
6376.37,12686.8
6396.86,3191.06
6506.66,2278.63
6534.82,14437
6580.62,6044.5
7067.95,7759.32
7145.99,7552.71
7489.15,13814
7629.67,13265.1
7707.33,5255.45
7864.23,12783.3
8060.87,12491.3
8083.02,12947.9
8097.28,11637.2
8100.87,9294.03
8204.9,12198.6
8215.31,11603.9
8312.85,3352.31
8340.1,12734.7
8369.99,13028.6
8546.17,12690.3
8629.69,11878.3
9155.8,11023.7
9202.73,3909.97
9373.59,13725.5
9398.96,14660.8
9630.23,13824.7
9696.55,6551.74
9705.91,8357.38
9761.3,8789.45
9925.43,10373.3
10052.1,10391.9
10121.5,5508.71
10402.7,9854.47
10468.4,2104.93
10570,9881.36
10585.8,2082.95
10593.4,2289.42
10645.1,2407.58
10666.3,7988.84
10694.4,8084.6
10715.9,14416
10783,12415.3
10805.5,8186.46
10890.9,14391.8
11037.5,12473
11045.1,12346.9
11119.4,12230.2
11191.6,6591.17
11264.7,12277
11285.3,5465.16
11568.4,12420.7
1182.31,9986.76
11901.2,9175.04
12012.7,13877.4
12037.4,13728.9
12044.2,9390.31
12065.7,3510.16
12105.5,9045.86
12136.1,13536.1
12153.8,6302.69
12154.4,13719.3
12162.4,9697.14
12228.7,10857.5
12310,9016.82
12331.4,9498.53
12431.8,9712.57
12728.2,9452.39
12762.5,10000
12826.3,10186.5
12839.9,14696.9
12843,8149.63
12850,15134
12858,4446.91
13341.8,12849.2
13374.3,12962.3
13423.7,6232.77
13761.8,13354.1
13884.3,13145.5
14074.2,13073.9
1555.68,8937.75
1631.87,12082.6
1681.6,3911.22
1684.85,3819.74
1771.87,2229.38
1951.19,2268.84
2181.84,7929.73
2593.62,6343.68
2619.76,5213.4
2651.04,5411.74
2679.55,9987.3
2680.72,5521.15
2792.44,12293.3
2806.45,5390.68
2821.69,9869.98
2976.76,7700.41
3055.41,8021.4
3084.56,12571.8
3331.17,13143.7
3446,3800.28
3612.24,2441.48
3633.87,8060.76
3718.68,8942.39
3787.09,8732.07
3817.13,8799.61
3865.6,8906.41
4013.79,8967.32
4373.14,3922.92
4387.47,4605.31
4425.29,6443.81
4477.27,2397.17
4519.56,2465.32
4740.24,6731.26
4949.69,15095.9
4963.81,5605.76
5191.24,2088.88
5755.25,4164.2
5849.97,4828.86
5872.69,10241.1
6018.81,7733.98
6033.34,10339
6130.69,7740.77
6173.1,7677.04
6275.63,2591.54
6416.03,2880.84
6565.75,6068.92
6780.41,2562.65
6812.9,14342.8
6867.44,3133.99
6886.66,2667.56
7103,7707.46
7463.3,4992.18
7490.67,5156.1
7538.47,13517.2
7774.41,12734.7
7965.39,12515.8
8016.49,13072.5
8162.14,12322.3
8411.03,12015.5
8458.5,12682.8
8539.99,6637.99
8616.07,12718.8
8648.69,11887.9
8864.55,12929.8
9227.24,3942.11
9274.67,2041.57
9291.33,13618.9
9449.05,14589.6
9616.81,10431
9718.16,13813.1
10153.3,5416.91
10176.5,2139.83
10308.8,9638.58
10393.9,2311.88
10463.7,2131.54
10482.8,2426.7
10511.7,9750.98
10554.6,2092.07
10565.1,7020.27
10596.4,8038.74
10619.4,9985.35
10748.1,14420
10752.7,14305.1
10790.5,8197.77
10832,2496.23
10943.2,12433.8
11014.9,12325.7
11066.4,12492.9
11182.1,6534.01
11183.5,12254.8
11250.5,5377.56
11277.1,12311.1
11333.2,5484.45
11597,12417.1
11824.3,9049.96
11924.9,9143.38
11942.6,11973.3
11949.9,3490.46
11961.3,7247.33
11998.8,9007.6
12040.5,3736.93
12098.7,3508.36
12197.5,9480.57
1226.07,11968.7
12289.5,10695.2
12313.9,6254.29
12343.1,9593.27
12387,9510.18
12400.7,14859.8
12529,4322.15
12722.6,9797.58
12725.8,8095.05
12762.6,14607.9
12837.5,10135.5
13055.6,14512.8
1309.15,10082.7
13331.5,6236.71
13400.3,5980.92
13416.5,6308.09
13535.2,14154.5
13703.5,13283.5
1573.32,8974.13
1641.12,12023.3
1650.84,3876.74
1691.43,3681.58
1871.64,2219.26
1939.42,7381.64
2181.79,10997.9
2253.3,11220
2414.05,10975.4
2500.73,6298.5
2509.86,9760.08
2550.06,10979.4
2573.34,6392.48
2606.6,5691.83
2659.77,12329.6
2711.26,5080.08
2723.53,9871.2
2915.41,9742.94
3017.97,11831.8
3034.39,7838.02
3105.34,8120.28
3184.98,8077.42
3269.59,12886.6
3279.51,13150.3
3299.21,3932.89
3324.15,13204
3497.71,14743.2
3515.86,2527.42
3699.9,8555.53
3782.59,9069.64
4336.23,3272.08
4375.59,6235.86
4437.22,2461.57
4459.84,3916.95
4478,13352.2
4484.04,4640.36
4507.37,6471.82
4568.12,2551.83
4709.72,6802.58
4807.43,6834.86
4872.01,15024.5
4919.1,5584.65
4937.86,12822.7
5406.29,12693.4
5611.02,13147.3
5765.67,13589
5830.35,4972.2
5831.95,4728.99
5879.25,4610.51
5914.44,13509.3
5936.3,11307.8
5939.17,13599.7
5962.37,10289.6
6057.61,7832.8
6097.03,10548.7
6106.62,7725.53
6166.77,12668.3
6356.58,7488.87
6394.92,12727.6
646.56,5714.74
6540.17,6051.82
6548.48,2279.61
6773.74,12566.9
7509.43,5007.92
7534.35,13586.4
7656.9,13274.3
7704.83,3476.47
7878.42,12744.5
8103.92,12933.8
8128.77,11638.2
8172.18,11590.2
8221.06,6025.39
8396.74,6690.2
8573.62,11999.2
8620.02,11844.7
9103.5,14431.1
9221.17,13604.7
9321.05,2041.56
9350.25,14637.8
9469.2,8832.69
9474.26,14622.8
9644.05,6530.56
9736.15,13942
9984.15,10409.9
10039.8,10372.7
10040.3,5677.96
10222.1,2420.5
10366.4,9575.84
10428.1,2413.6
10435.2,9808.81
10547.2,9767.94
10561.5,2072.26
10583.1,8025.98
10629.5,7990.79
10641.2,2320.79
10728,8084.98
10919.9,14421
10983.2,12414.2
11001.9,12309.3
11033.7,6641.4
11080.4,12449
11130.7,12281.6
11165.1,12390.7
11238.7,6534.61
11262.2,5482.58
1136.93,9964.76
11525.9,6617.28
11987.2,3498.54
12042.2,9009.63
12276,9535.4
12310.2,8444.66
12315.1,10686.2
12323.6,10856.3
12347.6,6245.74
12360.5,9534.86
12420,9491.1
12510.1,14815.7
12659.2,4361.56
1271.66,12005.5
12769.2,14675.4
12858.3,10111
12895.7,4431.54
12982.6,8271.16
12984.4,14446.5
13327.6,6332.57
13353.1,12941.4
13392.3,12817.6
13414.1,6275.35
13443.9,6344.72
13745.4,13266.4
15083.9,13821.3
1565.93,9008.11
1622.76,12001.6
1646.58,3994.88
1702.76,2217.4
1759.15,2336.56
177.382,12518.2
1842.09,2242.38
1886.46,3901.26
2000.6,7162.12
2173.67,10823.9
2299.97,10988.7
2435.41,6360.1
2533.56,9771.88
2553.38,6345.35
2625.44,5661.75
2634.08,15171.3
2647.68,9954.28
2677.59,5549.34
2713.33,5143.96
2786.79,9994.44
285.786,6577
2910.09,5265.83
2971.47,5560.13
3104.56,7841.72
3137.61,8000.31
3253.09,13132
3328.84,3908.51
3343.55,13249
3435.92,13911.4
3454.77,14761
3617.99,2547.96
3885.09,8907.5
4368.33,3969.39
4395.24,6488.99
4494.24,2472.34
4502.82,4607.54
4579.69,13140.6
4798.38,6775.15
4847.89,2902.72
4946.01,5625.03
5001.64,13491.6
5004.25,15142.2
5226.98,12634.3
5307.42,8585.31
5442.25,8520.68
5688.44,13066.8
576.103,5290.43
5835.04,4698.42
5903.09,4696.37
5938.79,10361.1
5953.47,11188.3
6023.08,10374.2
6067.15,7706.85
6079.59,7942.04
6147.06,7669.4
6165.05,12699.3
6335.29,2474.55
6392.72,2226.33
6555.4,6109.54
6690.66,14300.7
7285.36,2783.74
7318.03,6367.93
7524.78,5076.63
7562.21,3182.95
7581.43,5195.35
7581.55,5268.61
7690.16,12473.5
7956.97,3268.57
7991.34,13032
8122.2,11602.6
8475.05,6658.9
8515.79,11936
8653.16,11853.7
8668.14,2453.57
9141.75,14487
9145.06,3775.85
9353,14616.6
9401.74,1891.47
9418.85,13687.7
9481.44,8861.35
9570.36,6562.31
9605.54,14762.7
10086.5,5530.72
10121.1,5428.72
10414.7,2437.4
10452.3,2441.8
10458.6,2055.88
10533.5,9672.66
10553.4,10205.7
10559.6,7808.61
10647.8,7934.44
10700.3,12407.5
10787.6,12445.7
10798.8,8085.16
10866.8,12382.2
10883,6696.57
10951.3,14434.6
11175.4,12240.9
11233.4,5481.63
11303.7,6545.04
11304.6,5467.64
11837.6,9231.2
11923.3,12043.4
11931.5,3488.77
1197.63,11993.5
12036.1,3530.25
12039.2,9194.63
12127.4,7190.92
12133.3,7300.6
12196.3,3491.2
1223.5,9985.36
12264.6,10965.5
12281.8,10853.5
12288,10638.9
12303.7,9580.11
12312.8,7301.74
12375,6238.57
12415.3,14847.3
12421.9,9508.7
12622.7,9634.34
12754,9822.54
12775.3,14623.7
12842.4,15013.7
12871.2,8029.95
12884.1,10082.5
12887.1,4474.56
12905.4,14599.5
12963,6754.48
12970,8021.24
13087.2,14933.2
13326.9,12981.5
13440.6,6324.67
14127.8,14950.5
14352.7,14823.1
15123.9,13808.4
1528.8,8936.42
1597.87,11985.5
1646.41,3781.17
1724.46,2226.34
1914.93,2215.75
1951.55,7353.45
2059.53,7339.42
2105.89,15084.6
2198.28,10973.3
2199.1,9622.02
2200.5,11198.1
2305.39,11217.3
2457.45,6385.42
2550.94,5509.62
2569.79,10980.6
2585.73,6371.59
2603.72,12358.6
2683.45,9961.12
2768.11,5462.6
2835.92,9913.59
2863.01,4713.9
2962.16,7737.68
2988.21,5581.24
3015.69,7783.48
3038.64,7910.68
3086.48,7939.77
3121.09,7864.32
3157.11,8012.91
3236.2,13159.3
3264.59,12909.7
3324.73,3882.46
3334.81,13178.6
3382.31,4942
3403.71,14789.7
3432.67,13241.2
3852.8,9151.23
3863.65,8825.49
392.242,4716.72
4050.87,3313.79
4394.08,6342.15
4419.08,4692.52
4436.29,2354.53
4481.66,13331.9
4510.7,2500.61
4524.56,15287.9
4534.43,6469.32
4539.64,2404.22
4649.09,6852.44
4892.82,14984.1
4954.75,15156.8
5028.81,15145.6
5179.76,14926.4
5399.64,12674.8
5603.39,13126.2
5736.51,13578.3
5783.04,4055.85
5849.14,4870.6
5876.88,4631.79
591.529,5255.75
5926.83,13622.6
5927.98,13488.5
5930.67,10298.2
5992.79,7886.42
6015.04,10311.8
6054.05,10506.6
6109.47,10974.8
6112.6,7695.62
6138.31,12666.1
6254.03,7610.28
6423.2,12728.2
6426.03,14947.2
6516.67,6095.1
6564.76,2263.07
6625.44,14372.5
6796.6,12555.7
7246.92,7685.21
7456.72,5170.61
7466.47,4855.24
7541.06,5278.08
7715.51,3508.89
7912.43,12789.2
7950.21,3243.63
8106.51,11542.4
8137.24,3182.18
8226.68,11627.2
8451.25,6658.84
8464.5,12788.9
8541.51,11941.5
8569.57,11665.4
9126.26,4095.39
9181.23,14577.7
9310.88,14624.9
9342.47,14533.5
9360.35,8857.53
9379.02,14614.5
9450.12,13696.2
9493.71,1918.24
9517.43,8848.73
9565.24,6614.15
9686.78,10434.7
9717.18,6540.66
9926.14,10415
10348.7,5473.85
10409,2171.14
10468.9,2036.23
10495.9,2404.55
10545.6,2108.88
10557.3,2258.36
10558.8,8122.37
10595.4,9892.35
10614.2,7937.43
10638.7,2172.82
10641.5,8055.2
10726.8,14387.6
10805.5,12464.7
10823,2461.59
10823.7,8168.76
10841.8,14386.1
11054.3,12269.2
11060.5,12409.2
11061,6637.61
11104.4,12458.1
11145.1,12262.8
11261.5,5463.34
11282.8,6532.16
11385.5,14917.1
11821,9003.17
11840.6,9187.19
11892.6,13849.4
11894.3,9094.26
1191.15,10041.7
11966.3,9210.49
12035.7,3547.96
12103.7,13657.1
12122.3,7330.34
12148.9,13461.5
12175.4,7247.84
12206.3,3522.39
12212.8,13810.7
12257.7,10647.8
12278.5,10829.4
12308.7,10984
12309.7,9604.95
12309.9,13867.2
12365.7,9595.19
12423.3,9528.31
12464.8,14865.9
12629.3,4378.9
12683.8,10387.4
12750.6,9857.09
12846.9,14748.7
12849,10164
12882.5,15140
12912.4,14627.7
12921.5,8024.94
13223.8,6987.4
13300.2,6270.79
13350.3,6226.05
13372.4,12893.2
13377.8,6265.95
13518.6,14050.4
13768.6,13286.1
13802.3,13174.6
13906.3,13114.4
14006.8,15055.8
14150.2,13002
1510.56,12059.8
1682.04,3755.48
1832.21,12010.8
1887.63,4319.08
1923.52,2265.41
1939.8,15054.3
1970.11,7236.44
2095.31,11310.9
2187.71,6268.54
2297.71,10955.4
2380.61,11233.2
2385.47,11798
2385.47,11798
2508.69,6396.65
2534.72,12848.6
2547.34,6371.08
2605.2,5041.57
2671.45,5137.41
2675.26,5495.13
2679.4,3003.22
2745.51,10056.2
2750.05,9940.69
2860.81,5431.66
2942.01,7857.88
3079.25,7910.49
3086.97,13185.9
3198.79,15294.9
3210.89,8088.54
3321.09,4893.54
3404.42,3920.23
3562.11,14256.2
3577.34,2466.04
3855.78,15146.6
3878.43,12828.7
3974.81,12560.4
4414.71,2472.48
4438.69,15200.5
4463.34,4625.64
4467.55,3893.87
4540.98,2453.8
4606.45,2737.35
465.97,5154.54
4667.19,6330.48
4677.86,6872.4
4696.49,13468.4
4776.89,15070.7
4970.25,12773.3
5006.41,15169.4
5201.66,12350.7
5431.2,12645.9
5444.73,14512
5654.76,13582.2
5831.94,4029.29
5863.86,10146.1
5893.21,4829.54
5926.84,10327.9
6002.1,7698.75
6029.06,7851.75
6052.09,7974.07
6066.01,10449.3
6066.84,4900.43
6145.2,7697.33
6235.18,7628.67
6325.85,2637.91
6448.31,2269.61
6482.62,2301
6605.07,6017.59
6619.88,14483.7
7110.7,7677.93
7219.65,13175.8
738.939,4598.47
7564.74,5097.72
7594.74,12552.9
7738.31,13326.6
8078.72,11537.2
8121.64,3213.82
8198.36,12258.6
8269.49,13108.3
8427.69,12840.5
8439.82,6689.36
8559.19,11952.3
8817.72,12908.5
9142.77,4116.04
920.646,8942.43
9264.16,13594.5
9299.2,14582.1
9439.98,8848.8
9459.65,13839
9671.55,6539.19
9783.17,8821.74
9850.7,13942.1
9869.42,8817.98
9944.24,1977.99
9960.54,10359.4
10113.7,5452.73
11946.1,13927.3
12076,13704.6
12176.2,13427.1
12226.6,3492.1
1227.05,8713.38
12302.3,8475.33
12320.6,10894.2
12379.6,13830.5
12618.9,5740.94
12906.1,14469.3
12924.4,14603.1
13234.7,13124.8
13240.4,14504
13491.7,13826
14554.7,13993.6
150.52,10427.2
1715.14,2181.31
201.14,2384.99
263.762,6593.27
2711.79,9947.49
272.513,5285.63
324.192,4609.06
3312.11,13499.9
3376.2,13158.4
3546.99,14693.9
3885.15,8848.6
4026.84,8923.9
4403.84,2932.16
4681.23,12418.4
4872.12,12795.1
5183.02,15047.2
5800.8,13563.8
5800.84,14324.8
6116.59,7826.68
6198.68,12706
6217.25,7645.21
6258.55,7590.02
6725.2,2961.72
7202.86,7657.98
7434.82,13274.8
7460.57,13748.8
7511.94,13493.7
7558.16,5190.44
7594.18,12872.5
7873.73,13020.1
8103.72,12447.3
8744.23,11629.3
9434.41,14545.6
9899.97,10328.3
10151.6,2215.21
10306.6,9834.15
10492.7,7020.96
10530.2,9743.03
10535.5,14390.2
10561.1,2142.54
10628.3,8077.7
10672.8,14278.3
10679.4,14381.7
10743,8018.08
10783.6,12478.1
10883.7,14471.5
11054.7,12380.3
11181.9,12362.2
11216.8,6534.01
11222,5356.39
11224.2,14461.3
11232.4,12127.6
11413.6,14932.2
11454.2,14312.7
11735.3,12163.9
11805.4,13883.3
11837.7,14449.6
11883.1,9221.12
11935,8987.5
12011.8,3590.42
12062.8,9406.96
12096,6306.22
12114.1,3480.73
12122.1,7252.23
12156.2,3515.79
12242.5,13842.1
12258.8,10663.3
12297.5,9556.52
12299.2,10926.4
12315.1,9671.53
12608.3,14619.3
12634.5,9559.23
12809.4,15092.6
12906.2,10121.2
12907.8,9617.29
12967.6,10189.9
12999.3,8211.96
13321.6,12930.3
13398.1,5439.61
13588.7,14022.1
13781.5,13246.7
13821.4,13198.2
13926.2,13131.4
1440.38,12009.7
1618.48,12051
1675.54,3857.19
1858.65,2252.14
1960.38,2237.47
2034.91,7342.76
2223.08,11035.3
2503.44,9664.85
2545.18,6326.13
2620.69,5120.64
2656.09,5203.07
2663.87,5449.47
2696.28,9918.86
2721.84,5164.15
2756.48,10007.8
2767.77,5445.47
2870.98,9354.04
2955.24,12530.2
3095.95,7808.97
3314.59,3951.97
3461.75,12775.3
3508.91,2411.66
3673.33,8260.98
3676.96,2500.53
3698.5,8961.78
3760.75,13189.3
3831.07,8843.35
3833.05,8965.49
4365.91,4717.43
4395.44,4145.62
4414.14,6395.01
4479.33,2445.13
4700.72,6336.36
4758.2,6786.7
4881.41,5634.26
4901.69,2790.94
4976.66,15144.1
5225.94,8635.51
5275.55,5496.31
5906.19,4844.03
5973.33,7929.74
5986.65,10328
5997.26,7851.06
6144.43,10772.2
6563.34,6092.07
7021.3,7736.7
7230.88,6969.57
7698.76,4905.11
7784.29,12629.2
7911.3,12707.6
8076.45,12509.6
8126.84,11492.9
8389.8,12786.3
8412.23,13015.5
8414.01,4923.95
8445.1,12712.6
8581.58,12020.4
8616.69,11896.2
8767.74,11563.1
9169.18,14533.7
9266.91,13662
9275.72,13457.7
9501.15,8834.67
9741.58,13888.9
9819.43,2225.6
10006.9,1991.45
10356.2,1869.07
10532.1,2334.74
10562.4,9735.02
10663.8,8041.53
11073.7,12324.7
11634.7,14841.9
12123.6,9408.88
12125.7,13803.5
13383.8,6224.76
13805.1,13327.1
14106.5,13058.6
2795.36,12346.7
3351.19,13110
3573.79,13080.8
3715.17,8895.34
3895.21,8998.7
4480.93,6461.69
6073.47,7738.63
6521.59,2355.78
6661.02,2920.53
7102.37,7759.81
7563.02,5149.6
9133.96,3870.49
9945.24,1853.18
1034.89,7616.69
11099.2,12308.3
11580.5,14519.8
11658.7,14809.4
12112.3,13591.7
12609.4,14696.2
12815.4,9877.6
1330.42,4114.98
13856.9,13341.8
14013.1,13334.3
14046.7,13185.5
2230.63,11107
2627.12,5095.26
2720.63,9978.75
2767.96,12376.7
3378.89,12953.1
3604.86,13088.9
3670.21,8554.13
3775.22,8906.08
3855.41,8942.46
4897.65,13034
4981.41,15118.8
5723.75,15178.6
5847.09,13540.7
6056.82,7802.82
6186.91,2112.84
6306.9,2579.36
7254.37,2247.77
7999.77,12687.3
11217.3,6564.33
11396,14718.6
11663.6,14400.5
12109.4,13779.3
1276.47,6292.97
13803.5,13232.7
13992.7,13128.4
1892.32,2258.73
2221.78,11075.2
2560.62,5049.72
2649.39,5241.64
2705.94,5415.82
2826.49,12424
2854.51,5281.61
3103.89,7987.59
3371.72,13072.2
3423.99,12767.6
3469.49,13135.1
3583.44,13016.2
3770.29,8833.71
3838.22,8988.14
4396.24,4629.99
4787.38,6808.08
6005.86,10351.2
6078.68,7811.05
6235.67,7726
6324.42,12683
6599.45,2276.29
6701.74,2945.79
6762.5,5576.54
6814.33,2631.95
6924.07,7810.93
7195.08,7706.24
7499.1,5117.6
7566,13479
7755.15,12453.2
7984.84,12731.4
8059.95,12660
8122.21,11025
8267.82,12735.7
8540.73,11919.1
10149.1,5454.57
10266.2,9561.1
10456.9,2418.69
10543.8,8105.51
10575.2,2272.69
10597,14413.2
10704.5,12436.2
10724.9,8130.72
10725.8,5326.22
10731.7,8002.47
10768.3,14386.9
10829.3,14451
10884.1,12402.3
11044.7,12424.5
11092.9,12478.7
11136.7,12349.6
11148.4,6578.51
11180.2,12203.2
11201.3,5386.92
11282.8,6563.27
11350.4,5492.18
11383.1,14951.2
1156.95,12054.5
11861.9,9227.43
11908.5,9116.21
11917.4,13883.2
11979,8942.34
12042,13872.5
12069,7284
12074.4,3647.3
12103.3,7193.88
12137.8,3482.47
12183.4,9687.51
12199.9,13718.3
12281.2,10873
12282.4,10675.5
12302.5,9501.34
12308,8346.05
12356.9,9561.89
12489.7,9579.81
12539.6,14795.2
12695.2,9457.05
12709,14616.4
12842.9,4449.34
12894.9,10163.2
12906.8,15124.3
12927.4,14495.8
12951.9,7990.68
13310.6,6240.71
13349.9,6198.44
13365.5,12919.8
13389.7,6373.68
13488.7,13993.5
13611.5,13989
13782.9,13345
1391.4,12018.1
14054.7,15058.7
14141.6,13024.2
1592.95,12035.6
1637.39,3804.87
1662.73,3888.39
1725.15,3678.98
1740.82,5118.07
1745.32,2211.8
1891.37,2223.96
2007.56,7034.3
2184.24,11090.7
2542.41,6293.05
2551.99,9657.47
2601.77,3479.43
2649.78,5074.88
2682.17,10010.6
2724.54,12370.1
2732.74,5049.65
2773.84,5393.98
2979.16,7882.27
2995.07,7716.07
3003.01,12507.4
3113.81,8014.8
3300.99,13125.8
3312.11,13009.5
3474.78,14740.7
3634.34,2449.98
3657.16,8923.09
3772.43,2574.01
3847.19,8867.01
3847.62,9072.54
4345.86,4648.81
4442.65,2375.28
4447.85,2491.52
4475.3,6375.01
4559.23,2500.13
4561.6,2419.1
4732.69,6820.52
4981.54,15089.5
4991.42,5561.67
5165.43,14954.8
5364.14,8551.19
5887.24,10188.8
5896.45,4726.66
5927.5,10379.9
6050.7,7721
6188.86,7730.86
6216.02,10317.4
6278.82,12720
6358.72,3169.15
6532.35,6112.61
6759.06,2977.66
7107.45,7514.14
7136.67,7712.19
7494.05,13514.7
7519.89,13697.7
7573.68,5119.46
7628.02,12499
8028.13,13029.5
8136.51,12458.7
8373,4950.51
8392.67,12983.4
8433.42,12803.7
8577.09,12703.7
8592.82,11948.7
9140.94,14562.1
9152.76,3821.79
9259.33,8848.74
9309.37,13840.1
9313.72,8837.25
9557.22,6587.22
9676.1,10401.8
9692.35,8825.64
9707.84,13942.7
9999.2,5460.65
10038.2,13979.4
10346.9,2071.58
10486.6,2198.79
10496.9,2116.3
10506.8,9719.66
10563.4,14406.1
10606.3,2424.25
10684.2,8012.15
10686.8,14408.8
10787.5,14407.1
10891.5,9995.64
10929.2,14461.7
11111.4,6547.94
1129.94,4591.21
11299.6,14471.1
11318.6,12250
11437.7,14913.5
11497.3,6614.23
11528.8,14878
11765.3,12190.7
11783,9061.56
12029.7,7235.39
12089,3586.61
12276.6,8484.3
12310.7,7344.45
12343.7,11006.8
12675.7,9463.39
12735.9,6158.29
12891,9586.15
12968.5,15035.4
13119.7,13116.6
13129.6,6813.29
1322.29,12010.5
13305.4,12894
13352.5,5442.83
13560.6,14107.3
13804.6,13369.4
13843.7,13141.6
13920.9,15035.3
14027.5,13240.5
1743.31,2179.36
1918.83,7001.35
2034.68,2279.16
2260.35,11060
2574.31,3456.35
2655.39,5166.23
2687.55,5438.37
2705.34,10080
2728.19,12331.9
2752.6,9499.14
2802.94,9933.53
2995.8,12582.1
3298.83,12982.7
3447.06,14805.1
3451.2,12645.9
3562.07,2564.56
3718.16,13189.3
3799.69,2598.12
4278.77,4826.19
4345,4015.88
4350.95,6405.44
4407.79,5666.5
4492.5,6397.11
4778.65,15024.2
4801.72,6599.71
5335.64,8566.76
5346.12,8772.7
5428.76,3816.6
550.893,5252.29
5540.56,7294.99
5849.48,4899.2
6019.21,10449.5
6115.74,7797.39
6190.96,12663.6
6332.87,12719.6
6547.43,14466.7
6680.68,14370
6798.97,14478
7102.5,7655.09
7340.05,2794.35
7433.61,12656
7501.91,4729.59
7674.42,13253.4
7799.03,12597.9
7808.9,12737.2
7841.49,11575.4
7946.49,12817.9
8114.21,12639.1
8165.73,13130.9
8214.83,12845.9
8269.15,12214.1
8376.29,12736.6
8477.24,12095.1
8519.63,12666.8
8676.85,2430.3
8750.8,11593.5
8834.38,12032.8
9073.85,8051.85
9276.95,14621.6
9303.05,8879.86
9356.37,13925.7
9584.91,6553.26
9642.24,10414.2
9790.19,2251.81
9792.21,13923.3
9964,5538.01
10468,2185.67
10604.6,2379.4
10747.4,14494.3
11110.6,12334.2
11356,14477.3
11493.9,14865
11611.4,14389.1
11756.4,9049.92
11772.7,9025.25
12038.1,13830.8
12147.4,9435.07
12148.2,13781.2
12308.1,10961.2
12623,9498.56
12632.8,9530.35
12684,14581.7
12883.6,15107
1321.96,12104.2
13563.7,14070.3
13827.4,13350.2
13877.7,13200.1
13999.5,13309.6
14020.5,13116.6
1505.96,12015.4
1656.01,3850.98
1970.61,7316.26
2260.55,15206.8
2577.92,5023.14
2681.13,5164.24
2740.53,5403.43
2907.48,12415.2
3079.74,8007.11
3337.24,13050.8
3411.16,13172.7
3486,12730.7
3495.48,13034.8
3606.18,2483.52
3637.68,2493.83
3745.92,13120.8
3770.8,8988.69
3839.09,8910.27
4051.96,8968.64
5280.42,8608.98
5948.06,7926.69
6279.6,12654.8
6359.28,3251.75
6377.61,3224.16
6578.79,2342.3
6647.52,2866.63
6786.75,2592.48
6944.8,2549.45
7578.47,12646.8
7580.49,13536.8
7844.03,12557.6
7987,13093.4
8071.31,12709.1
8139.67,12599.8
9245.63,13637.5
9433.97,8798.37
9767,13906.8
9913.99,1849.4
10446.2,2176.24
10495.4,2247.26
10569.2,2367.48
10619.8,2354.32
10640.5,14393.2
10674.9,8068.51
10790.6,14506.4
11136,12325.2
11181.2,6563.14
11410.9,14488.7
11467.1,14929.1
11588.1,14310.3
12009.8,13833.4
12089.7,13878.8
12174.6,9457.2
12230.8,13859.5
13496.3,14017
1374.1,12093
13794.8,13271.1
13869.5,13174.3
13951.2,13388.2
13979.7,13263.5
14007.4,13171.8
2652.33,5114.04
2682.66,5469.01
2702.34,5382.04
2719.67,10016.6
2804.69,5235.02
2875.67,12428.6
2977.4,12554
3092.23,7968.91
3344.09,13009.1
3350.01,12853.5
3392.16,13131.8
3461.48,12737.2
3474.43,14771.6
3721.23,13083.7
3827.75,8821.86
3846.92,9019.6
4067.04,8923.84
4954.32,15127
5981.69,10306.2
6094.45,7779.15
6111.01,7756.25
6549.34,2369.84
6681.98,2895.12
6964.87,2524.12
7544.37,12650.8
7708.83,13317.4
7852.02,12738.4
7889.01,12549.9
8150.6,12725.1
8386.48,12820.5
9451.66,13768.4
9782.28,13874.5
1101.75,6627.28
12135.9,13869.1
12458,13560.1
13268.7,14809.2
13476.7,3271.11
1528.53,9122.92
2327.33,12325.6
239.349,7506.92
2591.18,14814.2
4938.88,14843
5647.38,14551.2
5932.84,12655.3
6558.5,14203.8
6668.58,14562.8
6677.46,14455.2
7554.02,13557.5
8469.71,12756.9
8479.5,14017.6
10433.9,2078.3
10548.2,2206.99
10588,8009.95
10657.4,2318.3
10665,2401.3
11299.7,5460.71
11464.7,6619.67
11897.8,9131.12
11939.8,3499.48
11940.3,3447.2
12053.5,9152.51
12083.4,9158.68
12095.8,3600.92
12151.5,9702.76
12168.3,7237.4
12305.8,10648.7
12668.1,9511.84
12695.7,9477.91
12740.1,9850.72
12836.4,4429.97
12901.8,9621.76
12995.2,11553.8
13404.9,6343.87
13431.7,6251.94
1761.63,2168.89
1841.63,2197.48
2706.87,9953.68
2781.44,9935.55
2793,7606.99
2834.51,5038.26
3480.21,8378.71
3644.02,2547.07
3814.72,9016.83
3965.88,4734.36
4398.9,9263.95
4406.43,6028.65
4566.02,8517.83
4746.71,6709.03
4772.71,6788.45
5521.25,7293.09
5879.24,4823.08
6911.36,2668.89
7145.2,7514.24
7186.07,10638.3
7589.58,5136.28
7947.1,3281.46
8043.79,9300.12
8129.57,3234.08
8384.41,10526.3
8396.25,4959.36
9149.36,11036.3
9791.34,8832.61
10299.9,1588.42
10820.8,2668.59
11474.5,14416
12327.6,14298.8
14043,13131.7
3725.4,13046.3
3752.53,12996.5
3764.31,12980.1
3771.19,13046.4
3791.1,13084.4
3804.24,13002.6
6912.8,2710.56
6955.14,2717.65
6982.8,2681.18
7153.95,2199.31
7158.61,2516.5
10157.7,1950.38
11675.3,14231.8
11885.8,14302.7
12164,14361.1
3707.68,12973.8
6564.76,2545.59
6613,2750.59
6935.16,2677.99
7473.31,3113.58
10204.4,1942.09
11675,14279.5
12158.5,14341
13095.6,10441.1
3643.57,2203.99
3753.65,12985.2
6531.8,2579.79
6583.03,2787.44
6974.41,2704.53
10002.3,1799.78
10080.5,1800.06
10099.7,1878.77
10231.8,2110.63
1034.35,7590.48
10695.4,14417.9
10737.9,14354.6
11200.1,14382.6
11387.2,14484
11468.2,14853.9
11507,14628.8
11541.3,14825.2
1155.97,4569.47
11561.7,14551.9
11583.8,14396.8
11603.6,14493.2
11702.3,14462.6
11990.6,13834.5
12098.4,13830.5
12100.8,14363.9
12155.7,13628
12174.2,13724.3
12215.4,7321.94
12343.1,9109.61
12405.3,14916.1
12465.8,14195.2
12526.2,14790.2
12652.1,9678.91
12811.2,14676.1
12848.4,9675.58
12858.9,15114.3
12879.9,9980.22
12913.6,14496
12963.9,6275.58
12968.9,9798.53
13113.8,7022.37
13292.4,12994.6
13554.4,14093.6
13739.7,13298.8
13781.2,13174.1
13812.8,13357.9
13884.5,13325.7
13903.1,13146.3
14037.7,13223.6
1419.24,11997.4
2030.92,7312.87
2681.6,5423.74
2683.27,5319.53
2694.92,5091.76
2755.62,5418.12
2815.54,5374.11
301.49,9410.76
3221.43,15304.2
3363.44,12993.8
3609.86,2186.06
3645.06,8607.32
3877.46,8962.52
4494.77,10787.7
4531.7,4541.6
4731.97,10297.6
4781.45,10341.4
4964.67,15072.6
5708.6,15170.5
5774.94,15175.6
603.265,5281.17
612.534,5480.33
6160.88,7688.43
6433.19,2379.55
6590.45,2493.99
6644.62,2961.95
6697.17,2860.38
6717.74,2667.94
6719.11,14391.8
6818.93,14328.1
7086.96,7767.85
7541.58,13483.8
7551.54,13327
7734.44,12609.7
7834.75,12734.2
7953.66,12554
7987.25,13075.3
8084.17,12539.6
8091.22,12630.7
8197.55,12232.3
8222.47,12858.5
8353.15,13031.9
8370.46,12975.2
8393.11,12745
8407.39,12825.8
8541.21,12679.8
8601.32,12713.4
8804.14,12904
9153.84,14524.2
9238.26,13612
9255.56,13583.1
9366.15,13741.1
9479.44,8785.58
9725.32,13874.1
13019.9,9904.02
13102.2,10215
13107.1,10084.1
4116,10711.7
4539.22,10724.2
4671.3,9731.91
4742.45,10332.7
4993.78,9907.59
11918.4,14288.1
12309.2,14237.5
12363.8,14241.2
6430.93,2659.98
6608.66,2648.69
12263.5,14259.1
12324.5,14271.4
6466.95,2695.71
6644.42,2684.7
12248.2,14250.2
12315.5,14286.7
12331.8,14238.6
6463.69,2713.16
6641.16,2702.14
12297,14246.4
6443.74,2668.32
6621.23,2657.36
12364,14226.5
6590.04,2615.36
10149,1887.54
10649.1,14312
11778.1,14249.9
11888.3,14278.5
11976.1,14258.3
12100.7,14294.7
12166.1,14384.1
12339.1,14202.3
12407.2,14263.3
12732.6,9660.12
12736.7,9705.71
12865.9,9927.83
13144.3,10422.6
3811.26,12992.6
6618.59,2680.06
6694.36,2839.06
7507.16,3118.78
10523.2,14301.7
12905.4,6268.13
3781.27,13019.8
10280.7,14193.9
10561.5,14234
11272.5,14337.4
12087.8,13810.9
12649.3,14735.9
12672.5,14724.8
12702.3,15068.2
12790.8,9709.62
12801.3,9707.77
12811.9,9705.9
13245.3,13678.9
1338.24,4035.65
13461.5,14285.8
13951.7,13485
14145.9,13338.9
14176.3,13334.8
2091.82,12183.7
2096.69,12174.7
2259.99,5241.65
2262.05,5231.21
2264.14,5220.75
5042.01,12735.1
5047.23,12744.4
5721.4,15207.4
5723.96,15197
5759.73,15235.4
5784.83,15240.3
7694.65,12555.8
7697.29,12545.4
8408.96,12235.1
928.944,7622.5
11954.6,14314.9
12167,14288.2
6665.45,2615.14
10153.8,1842.87
10300.8,1828.25
10301.5,1807.22
10321.2,1828.52
10321.8,1807.48
10349.4,1627.78
10359.6,1640.17
10800.5,2617.22
11720.1,14216
11736.9,14215.9
11757.2,14216.9
11935.7,14267.2
12343.2,14260.4
12954.4,10014
13028.3,10013.7
13037.4,10033.4
13083.2,7026.09
13412.4,6065.33
3189.5,7977.32
3834.66,13041.3
3845.73,13025
3856.98,13041.3
6466.57,2799.18
6501.17,2839.4
6513.03,2853.47
6621.4,2619.99
6632.35,2632.96
10568.2,14201
12028,14284.6
13100.4,7124.99
3842.28,13066.8
6457.88,2589.66
10134.8,1982.52
10137.3,1903.73
10202.7,1977.21
10215,2884.84
10284.8,1581.73
10414.8,2635.64
10502.8,7027.06
10763.9,8146.11
11206.3,6584.86
11282,5436.92
11453.9,7437.7
11883.6,9115.32
11909.6,8922.01
11946.8,9043.47
11968.4,9251.41
12052.1,3434.54
12298.8,10596.5
12654.7,9561.18
12945,8101.48
12990.9,10105.4
13028.7,6272.16
13079.6,7138.13
13301.4,6108.93
13391.2,6080.73
1884.18,2203.75
2484.4,9639.62
2660.78,9989.84
2989.76,6722.64
3171.55,5209.35
3589.51,2428.26
3868.14,8882.19
4331.83,4717.65
4342.61,4698.22
4486.6,6484.58
4542.55,3137.57
4590.17,9587.21
4641.92,10460.9
4742.78,10350.8
5288.97,10584.5
5291.37,8453.48
5358.59,3667.67
5527.91,8691.57
5731.83,3278.8
6520.23,2688.71
6694.61,2581.51
6787.39,2356.07
7015.67,2712.63
7111.08,2173.97
7586.21,5150.22
7823.29,3535.45
7914.46,7229.46
8339.07,5478.63
8545.34,11897.1
9475.64,11489.2
9493.19,1992.58
9519.12,7219.96
9717.03,9342.75
9888.66,5475.75
10501.4,14235.3
10621.7,14286.4
10625.7,14275.3
10832.6,2708
11192.9,14368.3
11193,14356.5
11517.3,14398.7
11690.2,9159.38
12465.7,14227.1
12653.4,9823.75
12767.2,9630.38
13391.6,6150.9
13640.3,14076.2
14103.9,13298.9
1502,14007.3
2016.23,9790.79
2025.79,12165
2293.66,5202.21
3342.96,12564.5
3426.15,12483.7
3586.51,2160.04
3636.84,8585.26
4695.19,10435.7
4898.71,2856.4
5721.2,15228.1
6932.93,2373.19
7214.77,2217.55
7482.07,3152.32
7757.44,12676.8
7850.22,3477.81
937.404,7578.16
12130.6,14292.3
14129.5,13251.7
3029.15,12616.9
8653.99,13128.8
2297.09,5231.89
11799.8,14232.3
8648.2,13146.3
11900.9,12479.6
12384.5,14233.2
14266.4,13299.7
973.538,7685.68
11814.8,14231.4
12140.4,14292.4
973.103,7697.4
11851.7,12433.8
8606.75,13094.6
7071.43,14585.1
8570.51,13126
981.355,7628.5
12030.7,9138.85
4581.1,4489.43
12028.8,9137.02
5939.78,10128.3
12330.3,12515.1
10101,1972.37
10812.7,2670.51
10814.6,2674.81
10816,2679.25
11668.8,14243.9
11800.4,14275.1
11803.1,14255.6
11937.4,12476.3
11939,14241.6
11939.8,12482.5
12089.5,14373.7
12103.9,14372.3
12263.4,10590.4
12264.1,10598.4
12279.1,10576
12291.5,14352.1
12297.6,14350.3
12313.2,9163.62
12602.1,14750.4
12604.4,14755.7
12676.8,9817.88
12681.8,9816.95
12730.4,12276.3
12778.9,8404.12
12786.2,8401.82
12940.5,8094.95
13248.7,13713.9
13428.7,6144.76
13436.6,6156.69
3073.46,9183.8
3850.93,12998.1
3870.8,13027.4
4658.86,6771.58
5964.96,10173.3
6268.8,3799.2
6415.28,2524.25
6420,2520.18
6482.41,6189.35
6681.88,2602.58
6687,2608.54
6996.17,7714.99
7865.76,3480.36
9476.97,11481.3
9477.04,11474.6
9753.11,8941
9756.26,8934.87
11680.5,3127.54
12227.8,9519.47
12238.1,9491.69
12779.2,10126.1
12804.2,10087.4
6380.15,2791.72
6381.93,2690.58
13414.7,2860.68
13414.7,2870.63
13414.7,2880.68
15230.2,13752.4
15238.5,13819.3
13410.1,2893.72
15242.2,13759.3
15247.3,13808.6
15249.8,13765.3
15246.3,13797.5
11491.8,14482.5
13844.6,13216.3
2735.03,5373.37
3422.4,13016.9
7735.89,12634.2
10064.3,1804.33
1086.48,2377.29
1087.42,13896.7
11096,14336
11444.4,7552.27
11458.1,14434.8
11628,14269.4
11695.5,15004.4
12018.4,14327.8
12185.3,13804.3
12975.6,6275.37
12986.9,9768.93
13424,6205.8
2407.86,5123.6
2541.57,6446.45
6603.22,2548.77
6658.4,2785.61
6770.33,2673.59
7070.84,2706.57
7592.74,12673.8
8540.3,13124.7
8736.79,12817.4
9280.9,8817.93
9311.16,13735.3
1688.08,14212.7
4075.58,11654.5
7663.17,12545.7
8037.49,14637.5
4138.62,11770.2
598.635,13670.1
12308.9,12521
1636.55,14084.4
1645.59,13922.7
1648.67,13928.5
1718.52,14095.4
10339.2,2120.61
11642.8,14114
12989.2,10242.8
13985.8,13481.1
2481.12,5235.31
3548.28,12561.3
6413.57,2448.3
7853.09,12412.4
12352.2,14317.5
12754.3,13923.6
13976.1,13450.4
1997.98,11329.6
2226.36,5168.05
2540.35,5184.9
3469.38,12506.6
907.709,7664.15
10132.3,2004.35
1047.99,7585.7
11408.7,14882
11606.7,15071
11816.4,14432.1
12077,9028.62
12142.5,14405.8
12212.2,13861.1
12994.9,10273
1523.72,14059.5
2484,5086.73
2891.08,9750.63
3780.37,8943.14
4110.33,13110.7
4722.66,10313.5
5833.21,15229.5
5833.55,2191.54
8058.09,12702.4
9693.4,8933.85
2447.81,5411.32
3225.78,13044
3233.83,13025.7
3256.14,13024.6
8640.92,12807
8649.06,12788.7
8671.39,12787.8
8672.37,12810.1
2447.96,5441.25
3247,13020.6
8662.27,12783.7
8668.29,12819.2
3240.06,13061.2
2437.83,5421.32
2437.85,5431.18
3230.91,13057.1
3237.85,13016.6
3274.37,13032.8
8653.14,12779.6
8680.53,12791.8
2427.85,5441.28
3236.04,13070.3
2427.84,5411.32
2457.81,5441.27
3217.74,13062.3
3244.07,13052
8664.21,12828.3
2457.81,5411.33
3270.11,13041.9
8636.84,12816.1
2437.82,5441.28
2437.83,5411.32
3221.76,13053.1
3229.8,13034.9
3265.29,13028.6
8645,12797.9
8676.45,12801
4454.07,4644.38
7209.34,6968.63
7535.03,5107.59
4437.56,4687.37
9445.7,8774.14
12687.5,9712.14
12694.4,14746.8
2064.41,12206.8
5098.82,12720.2
5784.71,15207.8
8151.21,10914.9
9403.32,8938.37
966.639,7579.81
1024.89,7592.36
11669.9,14115.9
12338.8,14360.2
12370.8,14286.6
2000.14,9924.62
2212.04,5164.95
2232.83,5228.56
2324.75,5187.83
2486.89,5196.95
3482.14,12510.6
3582.3,12530.5
3840.93,12994.8
8087.79,10938.3
8100.84,10966.5
904.888,7678.84
12049.5,12450.3
12003.5,12469.7
10005.5,1949.73
10008.9,2102.29
10077,1897.43
10210.1,9805.39
10228.5,9840.07
10234.5,2050.33
10262.1,2291.92
10295.7,9540.8
10429.3,2444.37
10503.8,2264.21
10567.8,7805.46
10580.1,2251.63
10585,9644.74
10602.6,7874.63
10613.2,9951.68
10618.2,2102.67
10624.8,8137.63
10638.9,2348.62
10639.7,2391.21
10682.2,14419.3
10711.6,12456.9
10775.2,12405.4
10832.2,2513.78
10999.1,13371.2
11001.1,12474
11058.6,12391.3
11099.4,12259.8
11113.1,12288.6
11134.2,6581.26
11138.6,11974.9
11152.7,12198.9
11206.4,5406.47
11275.4,12246.9
11332.5,12581.6
11397.8,14908.4
11521.8,5036.2
11527.1,12428.1
11578.4,12368.2
11583.5,12459.8
11613.1,12503.5
11732.6,9050.01
1175.7,6635.69
11851.1,9257.75
11854.9,9160.21
11902.7,13887.8
11930.9,12020.5
11979.3,9095.85
1198.97,12055.8
12008.3,7247.65
1207.86,10039.7
12070,9047.37
12078.3,3662.9
12087.3,3532.03
12105.5,3579.49
12117.9,9129.21
12123.3,9466.97
12138.4,13702.6
1216.7,8733.67
12162.2,3467.5
12165.7,9677.94
12168.1,9436.85
12217,3537.56
12226.6,9117.17
12237.1,13848.3
12243.1,9660.92
12260.8,6297.95
12261.2,10636.1
12266.8,9175.41
12282.7,6275.6
12288.3,9501.73
12289.7,8502.07
12295.9,9653.88
12301.6,13864.5
12326.7,9040.22
12327.3,9577.72
12333.1,10843.2
12339.3,9618.94
12342.2,6258.33
12365.1,9511.45
12376.7,9612.33
12381.5,10818.8
12397.8,9516.11
12399.9,14899.9
12418.5,9725.22
12607,14664.2
12649.6,9572.72
12660.2,9467.03
12725.1,8109.34
12783.2,9821.84
12793,10061.9
12820.3,4491.15
12840.2,8133.83
12841.3,10034.3
1286.23,12006.5
12883.5,9562.68
12895,10182.7
12907.5,14507.1
12919.4,10129.5
12928.5,6794
12963.2,6741.34
12986,8017.58
12993.8,8194.03
13034.2,6989.05
13308.8,3236.48
13329.1,6219.63
13350.3,6308.27
13371.8,6213.84
13397.4,6308.3
13421.2,6380.48
13454.1,6330.74
13467.6,2937.39
13549,14064.8
1371.38,5336.84
13886.4,13097.2
14122.2,14960.5
14158.5,12984.1
14359,14812
1451.83,12019.3
1593.59,12012.9
1644.77,3867.72
1682.71,14940.5
1699.69,4003.19
1702.99,3899.73
1714.18,3690
1745.07,5072.67
1753.91,2228.39
1902.17,2285.88
191.911,12528
1946.52,7397.14
1992.29,7381.25
2122.69,2917.34
2204.15,6275.09
2340.71,12339.4
2505.05,6414.41
2505.27,8128.52
2572.51,5005.32
2574.74,14818.9
258.014,6613.74
2585.41,12365.8
2665.66,5069.01
2676.77,5105.87
2712.44,12362.3
2750.5,12260.6
2767.68,10026.4
2771.66,9909.78
2862.46,9253.24
2863.14,5443.62
2863.22,4727.74
2908.89,5286.13
2934.33,7734.48
2944.54,12429.8
2960.95,5558.28
3007.97,7724.47
3010.35,7824.18
302.553,4303.11
3075.7,7928.59
3096.1,8848.3
3116.34,7832.57
3139.21,7862.54
3153.06,8000.01
3206.53,8105.07
3214.06,8114.03
3277.56,13138.9
3279.01,12873.6
3279.82,12954.4
3308.57,4888.03
3349.65,3921.98
3411.97,13286.9
3436.63,14840.8
3437.65,12637.3
3512.39,7330.06
3526.86,14565.9
3711.22,8958.41
3718.67,2469.8
3728.53,13110.9
3811.15,8736.24
3840.92,15140.1
3847.93,9167.24
3862.16,12835.5
3872.2,8891.75
3910.99,3586.64
4074.66,9847.93
4075.83,9123.35
4334.86,3871.54
4369.96,2471.15
4371.08,4737.2
4439.1,2434.6
4454.04,15198.1
4490.73,13326.7
4492.92,2484.17
4503.52,6484.14
4505,4623.73
4518.81,15238.9
4535.01,3408.64
4564.29,13181.4
4565.69,2564.44
4708.36,13462.3
4725.45,4695.64
4753.68,6833
4768.13,15083.3
4850.47,15165.7
4886.64,14975.9
4903.32,15024.3
4927.71,12815.8
4933.02,15086.7
4944.34,15133.6
4980.55,12811.8
4993.53,15139.9
5011.45,13493.3
5056.36,15125.9
5157.72,13831.9
5215.7,12654.9
5226,15067
5264.48,11091.1
5275.32,8567.41
5284.66,8586.61
5294.8,10580.1
5398.19,12563.7
5434.94,8386.05
5675.35,14897.1
5717.61,10528.8
5770.88,4070.66
5824.56,3966.73
5847.19,4775.55
5866.43,11431
5885.91,4591.98
5886.01,4671.37
5896.08,10079.1
5919.62,12649.1
5927.76,10360.7
6012.77,7776.56
6034.81,7946.9
6126.86,12663.4
6151.74,7657.76
6229.53,7613.69
6261.23,2132.12
6313.21,12734.4
6324.08,3287.24
6391.71,15011.5
6396.08,2335.41
6512.51,14376.1
6584.89,6076.02
6615.72,14492.5
6671.07,2867.89
6745.3,14380.6
6778.42,3132.2
6812.2,2555
6816.55,12589
6851.2,3152.74
6858.52,3097.76
6936.06,11365.3
7213.47,7729.23
7365.23,2826.52
7524.7,5128.37
7554.61,5204.87
7696.68,12454.3
7706.23,3458.19
7850.86,5105.29
7855.67,11378.4
7934.61,3247.42
7985.11,5443.04
8106.01,3326.12
8215.68,11636.6
8316.7,4960.58
8379.65,13023.9
8419.77,4965.25
8427.49,12830.8
8444.5,12725.8
8450.76,6626.29
8502.64,12084.5
8523.97,6625.47
8533.59,11953.3
8598.28,12689.8
871.6,5398.58
8754.67,11730.7
9106.46,8037
9129.13,4084.82
9154.82,14493.4
9155.8,3857.44
9169.82,11929.2
9294.2,13854.7
9306.93,14629.9
9307.38,8811.59
9376.19,13713.7
9440.58,14536.9
9441.06,13667.8
9452.56,14726.1
9473.41,4192.04
9506.38,13348.9
9531.96,6012.19
9531.98,6012.21
9534.51,8907.18
9551.25,8862.17
9565.13,6573.6
9574.32,1977.34
9587.71,6592.16
9605.96,6607.47
9614.8,10458.8
9726.18,13018.7
9802.1,2258.18
10056,13993.3
10061.5,5637.08
10078,1912.69
10109.2,1857.25
10136.3,5488.17
10139.8,1804.98
10195.1,2139.33
10285.7,9598.48
10315.8,2007.22
10317,9823.33
10334.8,5463.2
10350.2,2478.3
10376.5,7422.41
10402.8,2153.94
10447,2426.54
10457,2025.39
10461.2,7005.61
10494.6,2092.64
10509.6,2052.03
10523.9,14252.2
10540.4,2309.43
10550.2,2238.98
10576.1,2343.02
10582.2,9871.39
10599.5,7835.87
10605.8,2361.62
10626.3,2305.38
10656.1,7990.65
10674.8,12390.2
10727,8113.93
10773.2,14399
10796.9,8222.71
10817.5,2483.35
10818.9,14439.6
10836.1,12423.9
10880.9,10011.2
10987.2,12431.7
11061.2,12252.7
11091.5,5342.05
11115.2,12465.1
11127,12336.2
11163.7,6537.16
11220.2,5472.56
11232.3,12111.2
11250.9,12264.9
11305.2,12305.7
11339.3,5482.05
11371.8,15059.4
11382.3,14699.2
11391.4,14968.1
11410,4027.42
11616.8,14471
11630.4,15139.2
11719.9,3202.27
11794.2,8983.33
11857.6,9137.39
11885.4,9296.04
11893.7,3491.03
11907.8,13844.6
11915.3,9170.07
11931.1,8850.19
11936,8932.55
11939.9,9236.62
11985.6,14791.2
12038.8,11994.6
12039.2,8977.04
1205.64,11972.3
12054.3,3729.43
12112.3,7265.2
12118.6,13681
12125.4,13522.4
12142.3,3533.29
12158.9,9453.97
12162.9,9528.09
12195.9,9698.41
12204.7,3471.46
12207.1,7249.87
12226.2,9419.86
12248.7,9418.08
12252.4,13791.5
12258.4,10616.2
12285.7,9577.21
12299.8,6240.05
12307.5,8997.44
12312.6,10864.2
1234.18,8735.95
12340,9574.69
12372.1,9540.21
1239.04,9994.29
12417.3,12981.8
12419.5,12971.2
12522.8,9541.71
12613.7,9467.26
12671.7,9289.87
12699.1,10368.9
12709.6,9734.86
12804.3,14967.1
12832.4,8019.16
12851.6,8161.6
12853.6,10050.5
12878.9,8299.83
12927.1,8070.65
12929.5,5569.69
12949.9,8057.15
12955.9,10107.2
12977,6732.92
13000.9,8175.9
13045.2,15002.6
13056.4,14527.8
13069.5,14399.4
1309.85,12042.6
13307.7,12877.6
13335.2,13540.2
13351.6,6265.83
13412,12827.9
13414.4,5443.17
13478.8,13080.7
13555.5,14119.9
13778.4,13225.1
13782,13306.7
13990.6,13108.5
14001.7,15075.1
14220.7,14862.5
14500.4,14634
1499.66,11988.1
159.068,10409.6
1615.26,12034.1
1669.93,3834.1
173.151,2381.37
1742.57,3788.96
1749.01,11416.2
1776.49,5077.38
1797.18,2239.89
1856.76,2277.73
1947.64,2208.73
1971.46,7288.48
1990.2,9164.17
2006.69,7016.26
2284.85,12195.8
2300.14,14838.9
2424.21,10986.4
2478.06,9670.24
2516.43,15033.1
2598.9,6385.98
260.334,3752.41
2608.95,9982.67
2609.52,14811.7
2614.48,5051.9
2629.09,5698.21
2642.22,12321.9
2669.89,5320.91
2677.36,12366.2
2682.83,2794.84
2691.59,5508.01
2706.2,5220.75
2707.74,5112.75
2744.14,12332.6
2765.78,3102.33
2775.08,12186.8
2779.14,12294.6
2787.6,12273.6
2803.39,9993.12
2823.46,5413.49
2863.14,9331.99
2866.67,12443.7
2874.2,15132.7
2984.82,12505.6
3005.26,7900.73
301.873,6611.49
3012.36,6719.39
3019.33,7744.48
3052.34,12573.8
3066.82,13181.2
3136.33,8015.08
3252.36,15258.2
3279.81,12906
3284.81,13136.7
3285.12,12984.6
3317.53,11269.7
3327.49,12833.3
3345.2,3895.13
3359.22,13170.4
3423.07,12656.1
3434.21,4922.74
3534.18,14192.8
3582.22,2509.19
3605.43,13974.8
3628.29,8999.23
3659.12,8257.07
3691.22,2474.49
3738.52,8952.11
3740.03,13195.4
3901.18,8902.7
3965.41,12571
4215.29,8958.79
4243.31,7818.56
4284.37,14188.9
4305.64,13168
4339.49,4010.59
4346.13,4634.08
4404.53,4135.28
4482.86,2408.54
4498.87,6392.57
4499.37,15241.9
4514.08,2515.15
4517.9,2360.63
4535.32,2362.87
4549.52,12948.8
4553.5,2525.41
4572.47,2495.48
4574.09,13159.2
4574.1,9250.66
4654.83,12398.5
4692.77,4701.96
4703.84,6680.46
4726.8,6850.39
4817.47,6581.69
4875.3,14994.7
4876.61,2840.38
4934.56,5643.5
4959.8,12780.3
5010.38,15189.8
5194.25,15064.7
5213.67,14932.1
5225.69,12620.7
5323.34,8766.97
5350.91,8543.57
5366.15,8584.88
5374.29,5465.84
5376,8661.59
5404.55,12709.9
5408.78,3797.83
5418.54,11928.7
5431.31,12906.4
5435.08,12537.7
5447.68,12688.1
5694.99,13078.6
5801.67,13541.7
5818.28,4044
5832.43,4713.05
5871.13,14561.9
5908.08,10199.4
5988.55,10374.5
6066.08,7913.21
6144.29,3255.83
6159.71,7755.81
6171.51,12656.5
6177.12,7656.9
6219.04,12678.9
6263.91,12684
6280.49,7556.98
6290.5,2506.09
6333.83,12741.5
6341.35,3279.12
6347.99,7515.68
6355.11,7566.47
6415.47,3190.93
6460.78,12741.3
6493.58,3575
6504.19,4593
6518.96,2585.65
6530.88,14399.6
6575.3,6098.85
6682.77,14417.5
6779.43,14456.7
6848.57,12595.8
6900.52,7803.87
7024.94,3170.87
7043.73,7653.42
7062.19,4269.04
7158.17,7538.44
7205.59,6993.2
7488.19,5173.48
7516.62,13819.7
7519.41,4742.02
7519.42,13684.2
7528.1,13464.8
7673.73,12474.8
7708.07,12635.1
7709.96,12465
7712.38,3448.75
7762.68,13325.1
7809.8,6967.36
7847.45,11377.8
789.917,5333.52
7891.58,12746.6
7932.05,12501.3
7981.59,12771.1
8008.71,12521.6
8045.6,12468.6
8133.31,11555.1
8135.57,3143.34
8155.7,3210.39
8158.81,13160.3
8194.93,12240.4
8233.14,6510.56
8285.19,13126.4
8354.07,12737.2
8391.47,13001.2
8406.04,6639.5
8408.06,12737.3
8428.01,13004.9
8445.66,12687.3
8459.62,12749.2
8620.03,11826.9
8836.64,12904.2
8959.93,3652.84
9098.82,4114.99
9127.01,3832.27
9161.73,9652.25
9164.82,4999.63
9192.38,14569.6
9282.82,13599.5
9342.93,13621.9
9405.66,13679.8
9413.4,4055.74
9438.82,8861.31
9440.06,13824.1
9476.09,13749.5
9477.83,14562.2
9489.27,8869.49
9515.38,8827.61
9599.13,11795.9
9683.97,13944.9
9686.78,6560.8
9746.14,13808.5
9751,8829.1
9769.59,13267.5
9783.16,2218.02
9824.49,10319.8
9827.92,12808.2
9837.54,13935.4
9984.41,1996.98
9993.79,1915.94
10029.6,1909.51
10044.5,2045.7
10059.5,1935.16
10085.7,1924.43
10088.1,1964.32
10090,5513.15
10099.3,2193.21
10159.3,1879.06
10265.5,5595.92
10386.9,2244.05
10415,9592.78
10433.8,2219.25
10434.6,2314.99
10445,2408.46
10460.8,9791.09
10462.8,2140.55
10536.3,2088.33
10579.4,2126.26
10613.6,2431.38
10614.7,2258.95
10619.2,7929.26
10627.7,8003.44
10631.2,2372.02
10681.5,8004.34
10745.7,8088.01
10779.9,12498.1
10818.3,12461.2
10848.1,2330.27
10873.9,12410.8
10894,14474.5
11046.4,12538.4
11166.8,12201.9
11205.7,6541.23
11292.5,12273.1
11298.7,5442.51
11371.1,14955.3
11555.4,12377.4
11575.1,10639.6
11623,14120.7
1169.49,4575.42
11744.8,9028.74
1177.58,10049.3
11912.8,3496.16
11927.3,11959.2
11940.4,9250.99
11950.8,8955.82
11958.5,9226.15
11979.8,8733
11998.9,13869
12025.4,3518.12
12030.8,3588.31
12035.6,9368.57
12055.6,3628.98
12065.4,3707
12079,3537.18
12107.5,9097.99
12146.8,13878.9
12161.4,9509.91
12170,9545.75
12171.9,5036.8
12187.5,7240
12200.3,7312.12
12202.6,9457.38
12215.3,3481.24
12230.9,9776.72
12273.9,9670.38
1229.27,8823.75
12295.5,9023.01
12298.4,9761.66
12299.8,9622.37
12317.2,8486.57
1232.58,8727.39
12323.3,11002.6
12405.7,9487.65
12434.3,14848.3
12502.5,9567.62
12642,9624.02
12682.5,9553.83
12722.1,15056.5
12757.1,6163.73
12796.1,10020.7
12803.4,10150.5
12839.3,14731.5
12869.9,14586.7
12904,6749.93
12910.6,8017.92
12968.9,8276.36
12970,8066.63
12971.5,14464.9
12972.6,6716.88
12977.8,10208.6
13000.2,14430.2
13160.2,6956.88
13219.6,5430.88
13237.5,7000.58
1326.19,10098.1
13274,6320.24
13333.5,6344.04
134.267,4205.34
13404.1,6139.09
13417.5,6262.64
1342.34,12093.9
13453.5,6293
13523.3,14067
14031.7,13111
14059.7,14729.6
14125.5,13028.2
1419.26,9219.9
14217.7,14859.1
14538.6,13984.6
151.255,10443.4
1546.35,8938.9
1571.62,12020.9
1581.11,8995.58
1622.17,3807.75
1631.76,3757.63
1647.1,12033.7
1655.54,3913.21
1681.21,3669.62
1708.82,5128.46
1722.03,2067.61
1732.05,2253.38
1913.06,6988.67
1923.21,2236.04
1986.71,7241.83
2043.22,7292.74
2058.19,7327.24
215.927,2378.89
2164.31,3404.54
2172.88,7913.44
2226.29,11123.9
2230.62,10117.9
2231.73,10119.6
2493.74,9617.99
2505.97,11976.8
2555.16,6398.24
2565.13,6335.82
2567.04,5506.75
2591.69,5650.95
2636.41,5211.51
2646.35,12366.4
2659.11,5131.54
2674.27,5564.39
2674.6,5353.46
2682.15,10022.9
269.301,5300.57
2745.46,5162.06
2746.24,5049.8
2751.57,5076.07
2765.33,9476.41
2774.73,5257.62
2776.4,5451.88
2784.17,5366.72
2785.79,9932.88
2819.23,5370.27
2833.09,9829.49
2843.72,9132.36
2962.07,7929.95
2988.48,5596.55
3025.53,7855.99
3036.52,7714.22
3039.88,7898.39
3113.18,9199.75
3135.77,7875.45
3205.42,10759.3
3244.8,11283.4
3257.71,13742.7
3275.35,13187.8
3276.22,13103.3
3299.09,13500
3316.16,13188.8
3331.99,3931.37
3391.45,13162.3
3404.54,12643.4
3448.2,13227.7
3465.53,14787.1
3542.13,14246.1
3577.11,2555.87
3594.65,6951.11
3631.45,2139.72
3660.16,2443.44
3725.14,13130.4
3857.92,9077.03
3867.37,8865.1
3891.65,8948.73
3902.02,14155.1
4039.58,3320.79
4112.98,8954.08
4246.43,9191.53
4267.4,4845.87
4400.79,3988.41
4413.99,2523.91
4431.19,2393.02
4501.84,2422.92
4523.49,6385.23
4547.89,6457.18
4552.69,2476.17
4616.88,6765.89
4635.48,9689.95
4655.47,6832.3
4695.94,12408.6
4701.18,10412
4855.74,15189.1
4860.37,15030.9
4881.06,11799.4
4967.91,5623.01
5010.14,15102.2
5179.75,2102.83
5247.14,5493.58
5265.76,5489.03
5321.42,8694.1
5326.77,8470.82
5422.62,12738.7
5614.16,13134.7
565.927,5249.35
5713.92,14889.8
5739.97,13592.4
5851.65,4925.02
5862.25,13465.2
5863.68,3948.88
5865.7,13531.9
5881.23,10227
5895.47,13625.7
5927.4,4754.48
5976.12,13476.7
5986.56,11230.9
6002.78,7878.4
6008.6,7743.79
6034.11,7680.36
6060.58,10523
6113.66,7772.56
6143.06,12703.5
6203.78,7639.28
6230.78,10312.8
630.963,5297.26
6345.52,3104.79
635.954,5730.21
6410.26,12733.3
6486.02,15000.2
6486.71,2273.55
6545.07,6131.32
6555.86,2783.01
6579.02,14208.4
6705.34,14270.4
6774.63,5572.89
6784.12,12551.3
6805.36,14354.4
6816.14,3128.25
6887.75,9878.2
6890.22,11367.1
696.309,5622.8
6976.73,7735.12
7033.01,3164.25
7049.55,7642.69
717.22,4613.99
7405.82,12656.3
7446.99,13268.4
7462.82,5013.35
7469.34,5156.66
7522.96,5093.38
7547.22,13717.5
7602.84,12628.6
7657.29,12690.6
7664.81,4900.92
7690.37,12682.9
7720.75,3432.58
7732.39,3535.87
7878.7,3505.65
8001.07,13065.7
8031.13,3180.12
8094.3,11650.4
8120.44,12650.4
8132.21,12471.3
8222.82,11608.8
8242.16,12800.2
8251.15,12225.7
8329.62,3360.52
8365.88,12823.5
8384.27,12708.2
8470.62,3106.22
8480.18,6632.92
8527.98,12684.2
8568.74,12692.2
8628.16,12725.3
8683.29,2444.7
8764.2,11580.1
8814.64,12040.8
8941.86,6234.52
9094.26,3672.83
9147.83,14549.9
9245.16,13620.2
9273.3,13443.9
9295.59,14625.6
9316.88,13852
9318.48,2022.83
9337.1,14547.8
9366.86,8869.92
9459.83,8852.01
9495.81,8789.63
9597.1,13808.8
9663.38,10466.5
9670.92,6520.02
9695.18,8344.7
9699.11,10384.4
9704.9,6539.91
9772.32,8833.22
9805.77,13932.6
9904.02,10370.3
10030.1,10366.4
10088.2,5423.66
10113.1,2127.81
10163.1,5542.66
10328.8,2069
10413.7,2209.62
10518.4,9689.14
10526.9,2312.47
10527,2117.86
10548.1,2390.12
10584.5,2237.2
10648.2,8084.41
10663.8,2318.95
10795.9,12430.3
11018.1,12514.7
11066.2,12280.9
11190.7,6580.87
11490.3,5510.79
11860.9,4591.66
11861.2,9086.71
11895.2,3475.03
11990.3,3456.49
12002.2,9114.88
1207.86,10018.1
12099.5,3607.44
12115.7,9108.61
12187.9,9528.53
12317.1,8326.64
12661.1,9528.02
12664,9496.83
12732,8088.69
12837.9,4432.8
12976.7,6746.61
13201.8,7026.76
13287.7,2772.67
13393.6,2816.93
13502.3,2837.77
1695.97,3751.16
1701.48,2230.81
1761.94,2313.63
2624.67,3492.93
2664.66,10075.7
2732.88,10028.1
2737.6,9926.4
3015.91,7776.12
3118.4,4964.7
3220.82,8044.21
3326.08,4925.59
3375.12,4908.12
3576,2480.75
3718.1,7888.85
3778.31,8965.9
4414.25,2453.87
4437.07,2398.75
4545.81,2418.58
4775.59,6743.89
4888.66,5622.83
5624.29,8564.21
5879.44,4864.74
5899.73,4743.96
5964.68,11234.2
6291.82,2439.35
6530.08,3629.82
6664.2,2900.41
6845.76,4477.55
6921.07,7830.53
7095.7,3174.38
7508.32,5192.72
8032.81,3306.61
8118.08,3200.73
8132.9,11624.1
8183.93,11633.4
9615.85,8837.55
10546.7,14395.9
10689.3,14376.4
10690.7,14372.1
10852.5,14389.4
10852.6,14384.9
11238.2,14466.3
11238.6,14462.5
11369.2,14695.8
11424.6,14924.8
11546.4,14842
11592.5,14590
11595.7,14591.9
11599.5,14388.5
11659.4,14444.8
11664,14116.3
1182.19,9998.41
11912.5,13897
11932.5,13841.5
11967.2,13932.6
1197.11,8799.81
12023.8,13885.4
12071.3,13626.7
12074.7,13625.9
12138.4,13546
12168.7,13438.6
12304.3,13882.7
12308.3,13882.3
12453,14877.2
12455.7,14873.5
12730.5,14607.2
12939.2,14490.4
12941.6,14488.1
13109.5,13080.1
13110.3,13061.1
13115.1,13058.2
13234,13106.6
13307.8,12907.2
13307.9,12910.9
13386.7,12955.8
13623.2,14002.6
13624.9,13998.3
13750.1,13319.5
13775.3,13320.8
13779.4,13318.7
13789.5,13373.9
13807.4,14124.7
13840.1,13155.5
13843.4,13153.7
14019,15051.7
14049.2,15113.6
14103.3,15082.2
14108,15059.8
14204.1,14895.8
1588.01,8984.94
1611.31,11989.7
1620.81,12088.4
2095.71,11334.7
2100.59,11335.8
2180.09,11113.8
2236.51,11041.7
234.002,7522.8
2484.16,5310.44
2484.72,5313.86
2569.05,14802.3
2606.8,5025.67
2661.79,5181.53
2670.31,12381.1
2687.72,5096.17
2721.64,5134.9
2746.73,5087.48
2755.04,5178.86
2850.03,5385.77
2973.87,12534.3
302.489,4613.96
3104.84,12572.6
3239.15,13145.9
389.66,5179.54
3911.23,15249.7
3911.25,15253
413.526,4720.68
450.815,5155.65
4527.22,15276.3
4618.7,15101.2
4770.04,15043
4862.56,12802.3
4909.58,15003.3
4940.37,14866.1
4947.97,12817.3
5032.59,15136.2
5074.94,15126.7
5197.89,15043.2
5431.32,12657.4
6042.54,14274.9
6044.02,14279.4
6300.98,12721.6
6430.83,14958.3
6522.74,14413.8
6562.97,14508.9
6565.97,14511.8
6573.64,14237.9
6575.48,14234.2
6623.63,14499.9
6701.93,14416.7
6705.21,14413.5
6733.17,14214.6
6735.38,14210.6
6749.13,14474
6750.98,14470.7
7086.03,4275.85
736.011,4618.51
7421.5,13260
7423.51,13257
7452.62,13505.1
7455.31,13501
7513.76,13812.3
7514.61,13809
7570.23,13654.3
7787.81,12748.1
7788.12,12744.2
7799.4,12543.2
7816.27,12692.9
7994.05,13080.4
7997.1,13081.9
8026.33,12495.1
8036.97,12478.5
8041.52,12474.7
8106.7,12944.1
8148.76,13139.8
8154.87,13141.6
8160.1,13141.4
8321.3,12714.6
8418.55,13024
8425.23,12704.6
8426.45,12700.7
9272.09,14605.6
9314.92,14566.1
9317.08,13921.5
9317.15,13613.6
9320.92,13614.9
9339.56,13939.8
9349.28,14600.1
9358.76,13642.2
9362.72,13644.1
9385.14,14629.4
9458.46,14554.1
9483.99,13764.4
9489.04,13762.7
9623.2,13811.1
9705.15,13964.5
9709.29,13964.6
9722.8,13804.7
9726.89,13961
9740.27,13902.4
9742.43,13899.7
10212.5,9798.58
10277.4,9573.47
10315.3,2033.58
10329.8,5474.33
10381.8,9565.19
10420.3,2066.53
10421.8,9928.83
10423.6,9826.5
10502.6,14256.4
10558.6,9698.52
10560.3,2321.18
10572.7,7006.72
10607.7,9895.6
10613.2,2291.76
10623.6,8095.09
10683.2,7993.76
10688.5,7940.02
10732.7,14296.7
10736.6,14458.6
10759.6,14427.7
10762.4,12490.4
10769.5,12397
10843.3,8163.19
11166,5398.52
11192.5,6557.69
11239.7,5455.19
11391.7,5552.85
11396.8,14754
11419.3,14241.7
11473.7,14824.8
11524.1,5007.67
11539.8,12423.8
11617.3,12508.3
1166.2,9979.64
11744.9,12190
11939.4,12042.8
11964.8,13876.7
1198.38,8793.63
1206.26,8683.83
12061,6291.56
12061.3,7307.03
12083.6,7184.97
1209.7,12060.3
12131.1,9544.92
12154.9,3468.66
12188.5,9508.48
12227,10839.3
12230.5,9419.31
12236,3524.15
12238.2,6263.62
12282.8,10956.5
12298.7,10941.2
12327.2,11022.2
12340.1,10754.2
12351.4,9612.94
12386.7,9484.52
12404.4,9530.64
12419.9,12973.1
12439.1,14792.9
12590.5,14796.6
12624.7,5708.9
12640.8,9505.05
12714.9,9473.22
12775.6,10023.3
12823.3,14766.7
12842.6,10150.2
12843.2,4424.59
12873.3,9611.2
12912.4,4431.19
12915,10160.8
12932.3,7991.18
12937.9,6801.51
12944.7,10092
12953.4,15034.5
12976.1,8221.77
13036.4,14975.7
13044,14497.9
13126,15016.5
13162.5,10366.2
13267.8,13002
13340,12949.2
13377.6,12988.5
13406.1,6377.82
13480.1,13964.4
13649.5,14161.1
13683.6,13296.3
14031.2,15076.4
14070.1,15050.3
14236,14896.7
1503.02,14037.6
1514.63,12073.1
1518.44,12034.7
1581.02,8990.22
1586.69,12008.6
1618.06,3816.34
1632.84,11994.4
1673.76,3691.3
1686.72,3769.53
1734.43,4000.25
1911.98,2199.29
1927.1,7010.3
1937.11,8116.98
1989.77,7386.79
206.713,12506.2
2176.03,10913.6
2194.06,9861.89
2196.31,15267.3
2392.73,6350.95
2395.71,10971.4
2486.27,5294.65
2551.22,9672.36
2575.95,3469.87
2577.05,11007.5
2588.88,5697.58
2600,5116.55
2618.01,4971.06
2659.67,10040.2
2709.17,5101.13
2732.59,12159.2
274.29,3784.73
275.27,5299.92
2762.56,9917.34
2801.93,5490.29
2832.16,12610.6
2896.87,12406.8
291.011,5294.07
2953.53,7906.2
296.958,4636.99
2961.96,7757.69
3057.9,15187.9
3093.07,7919.11
3155.96,8068.92
3224.72,8070.61
3303.3,3967.14
3318.16,12992.1
3395.73,3979.69
3444.15,12324.8
3556.75,14684.3
3622.43,2504.41
3647.73,8069.22
3792,2579.86
3821.07,9004.07
3829.35,9075.63
3850.26,8832.01
3876.17,8869.98
3966.96,8772.88
4366.93,2477.63
4372.15,4607.92
4414,6458.83
4420.07,2446.02
4431.97,4648.95
4432.46,6406.04
4435.78,3887.25
4484.54,13354
4548.27,2358.44
4554.64,2362.41
4618.68,15092.7
4679.67,4714.71
4681.08,6296.9
4754.88,6741
4756.28,6811.6
4886.8,12807.2
491.069,5251
4917.68,5617.6
4920.17,2835.56
4936.14,15093.2
4956.21,12821.7
5179.76,15076.6
5187.41,2069.59
5194.69,2368.15
5209.5,12680.4
5229.09,4210.61
5328.2,8531.49
5337.14,8795.48
5375.48,8506.86
5403.89,8635.41
5439.59,12681
5689.57,14888.1
5760.61,14357.9
5779.32,2754.24
5781.8,13598.5
5838.55,14481.4
5865,3920.11
5878,10010.9
5893.56,11348.1
5896.01,10087.1
5910.58,10320.6
5916.85,10381.9
5923.82,4701.86
5943.68,7888.9
5974.58,7854.07
5976.12,7955.37
5983.04,10156.1
6000.95,10316.4
6078.7,4909.55
6084.54,10455.3
6092.56,7822.96
6103.74,7666.79
6150.2,7759.67
6150.74,10736.5
6207.84,7625.33
6208.46,12673.9
6213.21,10334.7
6220.18,7736.54
6240.07,7587.5
6270,2580.81
6352.96,3233.75
6357.87,7512.46
6364.42,3154.02
6443.56,14995.9
6514.49,14437.4
6613.39,5999.12
6691.99,2931.14
6805.71,3148.63
6864.23,3155.18
7022.22,3213.85
7261.11,2799.52
7337.21,2811.42
7488.87,11719.3
7498.14,13795.4
7539.78,13665.7
7589.32,5141.03
7644.77,12487.4
7701.23,13327.9
7735.2,3466.68
7795.95,12629
8041.92,12498.5
8159.26,12963.5
8192.8,12678.8
8244.44,11625.8
8419.22,12037.4
8460.48,6688.61
8550.87,11960.1
8608.78,11908.3
8749.75,11610.8
8898.97,11637.3
9114.66,3853.23
9248.23,3944.62
9345.7,14613.6
9354.43,13614.8
9377.91,14537
9390.26,14646.1
9399.5,14525.4
9413.92,13929.2
9439.25,13790.9
9443.02,14697.7
9555.35,8891.42
9602.43,6587.65
9610.75,2007.92
9665.73,10452
9703.54,13797.4
9855.57,8834.77
9873.82,12302.5
9981.81,1975.99
9997.06,1891.52
11851.1,9103.12
11953,9152.65
11955.4,9057.34
12085.9,9043.91
4522.52,10781.4
4580.65,10680.7
4757.44,2596.92
4792.31,2576.77
4847.88,10217.9
4871.74,10176.5
4895.69,10135
4919.8,10093.4
4943.98,10051.5
4968.49,10009
10004.5,4049.95
10260,5584.78
11511.6,5503.3
12510,13900.6
12914.5,5618.16
12947.5,7020.06
14785.7,14043.5
1879.73,12006.9
2243.99,14748.2
2503.33,5546
2504.15,4681.97
2536.56,12885.2
2733.99,6022.85
2778.43,3122.12
3008.2,12402.1
3022.55,6726.8
3280.87,4939.01
3603.05,15129.7
3942.79,12995.4
3955.04,12540.9
3970.29,4749.61
4299.16,14160.6
4411.33,9251.22
4534.36,12920.2
4907.03,12132.7
5216.23,13517.7
5677.55,13121.7
6515.96,3664.23
7056.69,3295.68
7136.99,7505.46
7214.8,6939.39
773.211,12226.7
7803.8,6896.53
8083.8,3359.52
8181.02,13242.6
8834.74,14622.2
9186.33,13918.8
9587.37,11791.4
9668.27,8868.18
9980.29,13162.5
9983.42,2619.5
12001.5,13999.8
12565.8,13492.3
12600.1,12910.6
1270.11,11914.1
1276.9,12555.7
13350.4,13514.6
14204.5,15011.9
1809.35,11509.4
1846.77,11986
1877.86,7604.32
2175.76,12302.4
2256.04,12993.7
2351.14,11796
2351.14,11796
2363.5,12602.1
2429.15,15042.7
2641.19,12472.6
2652.69,13463.3
2728.8,12085.9
3002.33,12462.2
3220.5,13400.6
3549.17,14275.2
3790.62,13251.9
3910.86,14168.2
3940.97,12832.6
3948.89,12570.2
4339.42,12551
4478.28,12927.1
4589.58,11607.9
5162.26,13840.6
5416.36,12902.2
5647.07,13142.3
5851.17,13471.4
6163.58,12582.2
7384.66,13293.3
8175.37,12040.6
1035.93,7578.73
10442.2,2152.52
10620.2,2192.26
10785.2,14433.8
10805.1,2441.99
11253.5,12124.4
1141.36,6217.85
11816.1,14467.7
1190.47,8770.39
11950.3,3552.41
12127.4,13629.6
13529.7,14021.9
13730.4,13300.7
14189.1,13029.6
1510.75,11968.6
2202.5,11163.6
2426.99,4921.06
2658.31,5398.42
2856.69,5459.46
409.067,10373.8
4250.16,4482.17
4414.12,3984.45
4441.06,4655.62
4521.98,6448.33
4989.3,15041.5
5830.01,15199.3
5885.29,4919.66
6877.88,3104.42
7185.7,7676.58
7585.39,13511.7
7795.22,12554.9
7970.49,12770.1
8059.82,12626.4
8132.12,11666.1
8778.38,11596.5
9152.22,14516.6
9297.89,13719.9
9883.56,8795.83
9890.31,10419.9
10648.4,14501.3
10672.7,14507.6
10676.3,14474.6
10702.2,14480.2
10723,14520.4
10747.4,14525.8
10773.3,14338.8
10797.3,14346.3
10832.6,14353.9
10858.1,14354.2
10942.7,14360.3
10967.6,14360.1
10981.9,14447.8
10988,14411.1
11001.8,14365.6
11008.5,14449.5
11013,14412.3
11027.1,14365.4
11037.9,14413.4
11052.1,14365.2
11062.7,14414.4
11087.5,14415.7
11303.3,14647.9
11328.5,14647.8
11345.2,14704.2
11347.9,14606.4
11353.3,14647
11412.9,14641.6
3392.28,12738
3393.19,12694.2
3417.09,12735.2
3457.01,12684.7
8423.84,12890.1
8454.04,12908.2
10171.3,1807.87
13097.3,7179.22
3586.05,2172.71
3725.21,12992.2
6510.49,2532.48
10190.7,14053.4
10239.5,14069.2
10452.5,2649.61
10461,2614.29
10465.9,2623.85
1068.05,13888.6
12551.9,14123.9
12775.3,6208.43
1283.5,6222.23
12851.8,9876.42
12857.6,9886.17
13257.3,6309.31
2382.61,5108.48
2414.5,5083.64
2422.94,5090.74
2431.97,5097.63
5586.33,12611.2
5604.9,12627.4
5625.46,12614.4
5670.08,2993.74
5681.68,2991.77
5686.08,2944.12
5693.55,2956.15
6221.58,2169.62
6241.56,2469.29
5990.02,13168.7
6143.3,13246.4
6042.09,13201.2
13041,7134.88
6522.09,2663.97
12121,13719.7
13337.3,12898.5
1545.83,11994.7
6683.46,14496.9
7604.35,13372.7
9392.92,14543.2
2933.35,12645
8001.06,12613.6
10127.4,2240.19
10540.4,7775.15
10565.4,5833.29
10591.6,8511.89
10616.6,2191.93
10623.3,14488.3
10655.2,2354.89
10822.1,14384.7
1097.82,7593.36
11086.5,12217.6
11306.6,12214.7
11369,14988.7
11647.7,14824.7
12044.9,13902.7
12055.5,13777.7
12265.1,3535.44
12280.9,14334.3
12312.6,9897.11
12391.4,6234.16
12691.4,9768.13
12942.3,15108.9
13010.8,8158.87
13039.9,6866.79
13291.9,6243.26
13317.8,13028.7
14044.1,15039.8
1780.9,14128.4
1988.36,9869.68
2152.87,7421.47
2293.6,9565.37
2616.77,5425.89
2776.74,3525.37
2973.8,7830.6
3282.92,4924.55
3361.4,4007.59
3502.79,12715.2
3521.6,3816.83
3535.92,13011
3637.21,3691.87
3825.32,14978.5
3896.34,6684.17
3972.9,11630.6
4368.94,2508.59
4548.16,10699.8
4566.17,2371.51
4616.35,4366.92
4994.56,15033.2
5722.71,3277.65
5728.03,6294.42
5764.12,4575.27
5768.3,15271.9
5771.46,9685.86
5858.85,4564.07
5862.61,13568.4
6153.38,10269.4
6166.23,8032.11
6275.22,2656.13
6483.65,7427.19
6671.39,2695.3
6790.65,14379.2
6859.78,4508.25
6875.98,2358.53
7551.78,3087.86
7728.15,5147.93
7761.19,12588.7
7988.17,3311.28
8112.76,10987.4
8136.85,11659.3
8521.85,6657.58
9246.71,8897.74
9356.17,4882.77
9475.15,14691.4
9633.9,6458.47
9681.64,10482.5
1008.5,7613.99
1167.56,6219.69
11935.7,12934.3
11979,14780.6
12159.9,13772.8
12245.2,13780.1
12303.6,14378.4
12479.8,12537.5
1261.95,6375.05
1269.53,6214.13
12861.8,14569.2
13519.4,14226.6
1375.29,14582.6
13904.4,13413.3
14125.9,13841.5
1413.29,14488.3
1571.65,14183
1712.12,14069
1979.99,10003.8
2017.25,12198.7
2051.85,3512.16
2089.86,3303.39
2228.12,5254.93
2247.21,11074.3
2527.63,5157.15
2648.91,5268.27
2718.37,5234.67
2833.07,5465.7
294.428,2703.23
3230.48,13740.8
3635.85,14829.8
3719.9,12964.6
4129.02,13155.9
5008.35,12754
532.579,11103.9
5592.95,12602.5
5671.03,15219.5
5744.06,15234.6
5800.52,15245.8
6115.53,13387
6247.15,12663.9
6485.48,14847.5
6641.75,14567
7032.37,14539.6
7514.93,12622.1
7755.46,12709
7760.78,14848.6
7784.57,12552.6
7825.65,12697
8538.63,13346.1
8603.02,13134.2
8718.52,13283.8
915.68,7686.43
9563.13,13651.5
1293.51,11517.1
13531.2,3059.07
10053.2,5651.62
10185.3,2046.01
10241.3,9536.41
10247.4,3623.39
10293.9,1851.47
10366.8,1734.87
10396.9,2595.22
10420.5,2622.1
10641.8,14355.6
10931.7,2684.74
11221,14426.2
11458.3,14904.8
11503.4,7469.92
11550.6,14829.9
11571.3,14486
11627.3,15043.2
11687.1,14449.4
11716.9,9165.98
11875.1,14396.7
11972.8,9294.89
12152.8,13766.8
12210.5,13876.9
12429,14282.4
12485.7,12508.3
12589.8,13811.7
12775.8,9622.55
12967.3,9707.12
13067.5,8203.05
13157.4,10186.8
13495.7,14222.5
13527.3,6330.9
13618.7,14024.5
1375.78,4004.64
1573.57,10441.1
1740.91,3606.55
1758,14175.8
1805.74,14211.2
1966.78,3405.45
2050.24,9841.54
2075.2,3486.7
2097.91,3365.05
2132.45,3400.73
2147.98,3325.66
2152.47,4776.34
2407.8,5159.21
2486.69,11913
2494.28,5126.71
2542.08,5112.26
2809.78,9959.23
3095.34,9255.85
3170.45,12709.6
3191.22,13746.3
3545.55,14143.6
3660,2183.89
3699.4,14749.7
3855.42,12802.8
3901.78,8839.24
4014.17,11831.3
4035,11848
4168.53,13150.5
4205.62,8928.88
4421.22,4631.21
4883.93,12954.6
4885.88,2874.17
4943.82,12939.9
4969.38,13058.8
5082.19,13036.4
5596.6,13174.4
5821.89,15226.9
5910.11,10076.5
5968.86,13133.3
6104.51,13426.5
6230.34,2148.85
6268.09,7773.39
6438.24,2681.81
6490.78,2678.63
6776.27,13267.7
7000.61,7719.96
7044.54,2417.89
7104.05,6929.45
7162.9,2557.91
7678.56,12734.9
8741.66,11656.6
948.811,7549.22
9636.84,8787.74
9836.55,2045.49
9848.39,8743.55
9885.36,5459.86
9984.84,1883.38
8100.18,10930.3
8639.34,13352.8
8657.35,13110.7
10046.2,2015.9
10182.3,2008.36
10191.6,2496.35
10201.9,14042.5
10268.7,14131.5
10379.8,1721.56
10639.8,14217.2
10655.7,14359.5
10819.2,2342.4
11165.6,14423.4
11391.6,12246.4
11553.5,14542.4
11620.8,14519.6
11694.1,14436
11843.2,14372.3
11877,12483.4
12047.6,14344.7
12050.8,3574.84
12106.4,9011.05
12190,13753.9
12212.7,7344.42
1223.77,6231.34
12464.2,14159.6
1259.74,6361.37
12846.7,9696.48
12876.6,9999.04
13136.5,10290.7
13192.3,6917.06
13399.8,6042.92
13877.9,13250.9
1407.09,14476.7
1645.95,3911.22
1751.01,14202.4
1895.38,13841.3
1980.18,9986.99
2034.9,12197.8
2138.2,3299.99
2141.63,3406.93
2264.21,5250.93
2662.83,5363.59
3627.16,2231.32
4349.68,2264.37
4607.04,9647.47
5057.28,12774
5705.13,2961.7
5813.71,15197.3
6101.63,13396.1
6170.43,2095.85
6452.91,2614.26
6453.77,2656.9
6598.19,2704.85
6700.65,2814.76
6894.88,2304.24
6995.26,2791.51
7455.89,3013.61
7658.69,12716.5
8029.16,2912.46
8856.43,11648.4
9083.91,12916.1
9755.48,8911.87
1284.68,4088.54
4958.23,13048.4
10077.6,1825.38
10210,1840.68
10498.1,2219.85
10991,2767.43
11433.3,7442.93
11630.9,15065.1
11733.4,14264.3
11745.7,12144.7
12070.1,13747.1
12101,13624.4
12129.7,14357.3
12149,13909
12205.9,14313.9
12236.8,9188.9
12270.1,14357.5
12777.7,9589.26
13111.3,10407.1
13133,7011.96
1387.45,14474.1
1763.42,14160.9
1839.98,2130.15
2046.38,9859.2
2063.38,3525
2121.58,3311.08
2223.95,5191.97
2401.3,5079.59
2492.32,11925.9
2650.83,5306.72
2901.97,9707.21
3176.66,12748.1
3198.7,7930.65
3206.82,13751
3365.03,12589.1
3504.84,12497.5
3616.23,2200.72
3750.04,8860.37
3870.83,13011.9
3872.03,12801.9
4120.56,13142.5
4251.93,10398.6
4319.03,10995.5
4442.64,6450
4665.42,6773.88
4671.68,10466.3
4810.57,2555.5
4883.49,13072.5
4952.16,13059.9
5201.91,4201.13
5252.2,5487.51
5579.87,13182.1
5748.43,15208.7
5953.76,13151.5
6089.28,13409.1
6288.93,3759.14
6432.4,2625.77
6438.91,2767.65
6480.35,2839.37
6487.56,2439.6
6572,2633.76
6703.42,2592.67
6801.55,13279.2
6943.24,7792.6
7182.3,2203.7
7509.53,5097.51
7683.78,3226.97
7722.68,12684.7
8618.38,13138.3
9101.53,12939.8
9256.05,4966.15
9562.53,8788.32
986.465,7664.76
7105.79,14574.5
8681.49,13351.4
11666,15063.5
11779.2,14474.6
11999.1,14376.3
12014.2,13902.5
12131.3,13909.2
12639.1,14763.2
1705.43,14332.7
2019.29,9870.99
2080.78,3523.59
2090.37,3326.15
2102.09,3374.58
2129.08,3321.61
2154.66,3312.95
2555.15,5164.39
2846.76,5473.82
3743.01,14764.3
10067.8,2060.05
10124.1,1927.38
10124.9,1884.85
10152.8,1826.02
11497.9,7502.11
12217.1,14308.7
12815.3,6212.31
12849.6,8070.97
12879.6,9863.64
12931.8,10176.8
12982.4,10006
13157.1,7130.35
2825.3,9946.73
3136.23,7801.07
3688.96,8573.71
4602.28,9581.68
4690.01,10465.9
4969.87,13043.9
6247.27,2126.22
6296.87,7693.27
6485.3,2646.41
6489.22,2523.43
6510.04,2869.57
6590.89,2645.43
6740.89,2649.51
6742.68,2468.3
6903.77,2369.19
7003.14,2544.47
7177.93,3030.5
7628.86,5165.58
9548.08,8901.48
9837,2060.51
9959.18,1884.19
9974.77,1855.59
10366.5,2235.21
10421,2566.43
12182.9,13863.7
2586.56,5087.98
4790.57,10251.5
6577.13,2407.9
7631.6,12641.8
12203.4,14366.5
12205.5,14384.2
12213.9,14349.9
2207.55,3271.69
556.245,11101.2
8637.94,13331.7
13115.4,10165.2
13138.3,10132.4
3609.74,2085.79
4338.51,2175.71
4357.02,2211.16
12127.9,12662.3
1555.71,14169.7
1685.03,13877.2
1686.64,13838.4
10149.6,1659.36
13232.4,10014.1
7072.26,2214.84
12081.6,3400.42
13540,6326.54
10010.2,1753.08
10170.2,1753.07
10940.4,2648.2
12047.7,3424.02
12088.9,3376.49
13000.9,9723.8
13100,9947.89
3636.59,2116.14
13533.5,6277.83
7049.68,2324.35
10010.2,1773.07
10170.2,1773.07
12071.5,3433.92
13091.6,9929.77
13545.5,6354.03
7022.46,2359.26
10110.2,1666.31
10189,1652.41
13228.9,9974.26
13235.9,10054
7032.63,2209.34
7111.88,2220.35
13153.3,10111.1
14301.4,13253.7
3609.73,2059.79
4326.47,2152.66
7183.36,2427.9
